# Q / Ang^(-1)		D_S/D_T			D_S/D_rho
  5.2530000e-003  0.0000000e+000  0.0000000e+000
  1.1297000e-002  0.0000000e+000  0.0000000e+000
  1.7342000e-002  0.0000000e+000  0.0000000e+000
  2.3387000e-002  0.0000000e+000  0.0000000e+000
  2.9432000e-002  0.0000000e+000  0.0000000e+000
  3.5477000e-002  0.0000000e+000  0.0000000e+000
  4.1521000e-002  0.0000000e+000  0.0000000e+000
  4.7566000e-002  0.0000000e+000  0.0000000e+000
  5.3611000e-002  0.0000000e+000  0.0000000e+000
  5.9656000e-002  0.0000000e+000  0.0000000e+000
  6.5700000e-002  0.0000000e+000  0.0000000e+000
  7.1745000e-002  0.0000000e+000  0.0000000e+000
  7.7790000e-002  0.0000000e+000  0.0000000e+000
  8.3835000e-002  0.0000000e+000  0.0000000e+000
  8.9880000e-002  0.0000000e+000  0.0000000e+000
  9.5924000e-002  0.0000000e+000  0.0000000e+000
  1.0196900e-001  0.0000000e+000  0.0000000e+000
  1.0801400e-001  0.0000000e+000  0.0000000e+000
  1.1405900e-001  0.0000000e+000  0.0000000e+000
  1.2010300e-001  0.0000000e+000  0.0000000e+000
  1.2614800e-001  0.0000000e+000  0.0000000e+000
  1.3219300e-001  0.0000000e+000  0.0000000e+000
  1.3823800e-001  0.0000000e+000  0.0000000e+000
  1.4428300e-001  0.0000000e+000  0.0000000e+000
  1.5032700e-001  0.0000000e+000  0.0000000e+000
  1.5637200e-001  0.0000000e+000  0.0000000e+000
  1.6241700e-001  0.0000000e+000  0.0000000e+000
  1.6846200e-001  0.0000000e+000  0.0000000e+000
  1.7450600e-001  0.0000000e+000  0.0000000e+000
  1.8055100e-001  0.0000000e+000  0.0000000e+000
  1.8659600e-001  0.0000000e+000  0.0000000e+000
  1.9264100e-001  0.0000000e+000  0.0000000e+000
  1.9868500e-001  0.0000000e+000  0.0000000e+000
  2.0473000e-001  0.0000000e+000  0.0000000e+000
  2.1077500e-001  0.0000000e+000  0.0000000e+000
  2.1682000e-001  0.0000000e+000  0.0000000e+000
  2.2286500e-001  0.0000000e+000  0.0000000e+000
  2.2890900e-001  0.0000000e+000  0.0000000e+000
  2.3495400e-001  0.0000000e+000  0.0000000e+000
  2.4099900e-001  0.0000000e+000  0.0000000e+000
  2.4704400e-001  0.0000000e+000  0.0000000e+000
  2.5308800e-001  0.0000000e+000  0.0000000e+000
  2.5913300e-001  0.0000000e+000  0.0000000e+000
  2.6517800e-001  0.0000000e+000  0.0000000e+000
  2.7122300e-001  0.0000000e+000  0.0000000e+000
  2.7726800e-001  0.0000000e+000  0.0000000e+000
  2.8331200e-001  0.0000000e+000  0.0000000e+000
  2.8935700e-001  0.0000000e+000  0.0000000e+000
  2.9540200e-001  0.0000000e+000  0.0000000e+000
  3.0144700e-001  0.0000000e+000  0.0000000e+000
  3.0749100e-001  0.0000000e+000  0.0000000e+000
  3.1353600e-001  0.0000000e+000  0.0000000e+000
  3.1958100e-001  0.0000000e+000  0.0000000e+000
  3.2562600e-001  0.0000000e+000  0.0000000e+000
  3.3167100e-001  0.0000000e+000  0.0000000e+000
  3.3771500e-001  0.0000000e+000  0.0000000e+000
  3.4376000e-001  0.0000000e+000  0.0000000e+000
  3.4980500e-001  0.0000000e+000  0.0000000e+000
  3.5585000e-001  0.0000000e+000  0.0000000e+000
  3.6189400e-001  0.0000000e+000  0.0000000e+000
  3.6793900e-001 -2.3032600e-001  1.4735791e+000
  3.7398400e-001 -2.1249700e-001  1.4326513e+000
  3.8002900e-001 -2.3564600e-001  1.4511974e+000
  3.8607400e-001 -2.2960000e-001  1.4214058e+000
  3.9211800e-001 -2.3814500e-001  1.4259363e+000
  3.9816300e-001 -2.1710200e-001  1.4148110e+000
  4.0420800e-001 -2.3978900e-001  1.4190575e+000
  4.1025300e-001 -2.3749800e-001  1.4610443e+000
  4.1629700e-001 -2.5088600e-001  1.4509744e+000
  4.2234200e-001 -2.6640900e-001  1.4524447e+000
  4.2838700e-001 -2.6219700e-001  1.4490321e+000
  4.3443200e-001 -2.4989000e-001  1.4221950e+000
  4.4047700e-001 -2.7009200e-001  1.4362480e+000
  4.4652100e-001 -2.5013900e-001  1.4275276e+000
  4.5256600e-001 -2.4065400e-001  1.4545479e+000
  4.5861100e-001 -2.6953500e-001  1.4398350e+000
  4.6465600e-001 -2.8305100e-001  1.4710344e+000
  4.7070000e-001 -2.8738700e-001  1.4543469e+000
  4.7674500e-001 -3.0767600e-001  1.4837663e+000
  4.8279000e-001 -2.7242100e-001  1.4347696e+000
  4.8883500e-001 -2.5112600e-001  1.4307601e+000
  4.9488000e-001 -2.6292700e-001  1.4613659e+000
  5.0092400e-001 -2.5625400e-001  1.4497038e+000
  5.0696900e-001 -2.6136400e-001  1.4797398e+000
  5.1301400e-001 -2.7310800e-001  1.4481607e+000
  5.1905900e-001 -2.4885200e-001  1.4389028e+000
  5.2510300e-001 -2.8017500e-001  1.4411377e+000
  5.3114800e-001 -2.8783400e-001  1.4723214e+000
  5.3719300e-001 -2.9995700e-001  1.5087289e+000
  5.4323800e-001 -2.8414500e-001  1.5005939e+000
  5.4928300e-001 -2.8579000e-001  1.4999620e+000
  5.5532700e-001 -2.6751200e-001  1.4878840e+000
  5.6137200e-001 -2.7394800e-001  1.4616041e+000
  5.6741700e-001 -2.4756800e-001  1.4668996e+000
  5.7346200e-001 -2.5164200e-001  1.4671660e+000
  5.7950600e-001 -2.5048000e-001  1.4673629e+000
  5.8555100e-001 -2.2242700e-001  1.4529797e+000
  5.9159600e-001 -2.4374200e-001  1.4719718e+000
  5.9764100e-001 -2.2827000e-001  1.4721042e+000
  6.0368600e-001 -2.4024400e-001  1.4847029e+000
  6.0973000e-001 -1.9980500e-001  1.4646313e+000
  6.1577500e-001 -2.0725700e-001  1.4795552e+000
  6.2182000e-001 -2.0154500e-001  1.4738118e+000
  6.2786500e-001 -1.8583700e-001  1.4644280e+000
  6.3390900e-001 -2.0478100e-001  1.4796846e+000
  6.3995400e-001 -1.9935400e-001  1.4851983e+000
  6.4599900e-001 -2.0520400e-001  1.5049480e+000
  6.5204400e-001 -2.1217100e-001  1.5082572e+000
  6.5808900e-001 -1.8663200e-001  1.5300079e+000
  6.6413300e-001 -1.7061100e-001  1.5084824e+000
  6.7017800e-001 -1.7506700e-001  1.5044672e+000
  6.7622300e-001 -1.4484400e-001  1.4782790e+000
  6.8226800e-001 -1.5765200e-001  1.4768949e+000
  6.8831200e-001 -1.5095100e-001  1.4781222e+000
  6.9435700e-001 -1.2511300e-001  1.4746495e+000
  7.0040200e-001 -1.2175400e-001  1.5011857e+000
  7.0644700e-001 -1.3584000e-001  1.5322035e+000
  7.1249200e-001 -1.0674200e-001  1.5243879e+000
  7.1853600e-001 -1.2126100e-001  1.5357209e+000
  7.2458100e-001 -1.3394600e-001  1.5678428e+000
  7.3062600e-001 -1.3597200e-001  1.5813854e+000
  7.3667100e-001 -1.2688800e-001  1.5893537e+000
  7.4271500e-001 -1.2275300e-001  1.6132637e+000
  7.4876000e-001 -1.0419500e-001  1.6365399e+000
  7.5480500e-001 -8.0334000e-002  1.6310438e+000
  7.6085000e-001 -6.2515000e-002  1.6297338e+000
  7.6689500e-001 -4.1088000e-002  1.6467184e+000
  7.7293900e-001 -3.9385000e-002  1.6637774e+000
  7.7898400e-001 -1.4654000e-002  1.6845635e+000
  7.8502900e-001 -5.9500000e-004  1.6794123e+000
  7.9107400e-001  1.0868000e-002  1.7049892e+000
  7.9711800e-001 -1.1832000e-002  1.7372571e+000
  8.0316300e-001 -5.0940000e-003  1.7323269e+000
  8.0920800e-001 -1.2529000e-002  1.7701490e+000
  8.1525300e-001 -2.6950000e-003  1.7879379e+000
  8.2129800e-001  2.1725000e-002  1.8178690e+000
  8.2734200e-001  1.9009000e-002  1.8164593e+000
  8.3338700e-001  4.4685000e-002  1.8079638e+000
  8.3943200e-001  4.9730000e-002  1.8370029e+000
  8.4547700e-001  8.8524000e-002  1.8547594e+000
  8.5152100e-001  9.7841000e-002  1.8744531e+000
  8.5756600e-001  1.2497700e-001  1.9007359e+000
  8.6361100e-001  1.1699900e-001  1.9493907e+000
  8.6965600e-001  1.1739200e-001  1.9737916e+000
  8.7570100e-001  1.4691500e-001  1.9802429e+000
  8.8174500e-001  1.2796300e-001  2.0162436e+000
  8.8779000e-001  1.5253200e-001  2.0084839e+000
  8.9383500e-001  1.4364200e-001  2.0502352e+000
  8.9988000e-001  1.8258300e-001  2.0612166e+000
  9.0592400e-001  1.9473000e-001  2.1001420e+000
  9.1196900e-001  2.2085900e-001  2.1498168e+000
  9.1801400e-001  2.2378900e-001  2.1470836e+000
  9.2405900e-001  2.3139700e-001  2.1874297e+000
  9.3010300e-001  2.3234500e-001  2.2317324e+000
  9.3614800e-001  2.3121300e-001  2.2812412e+000
  9.4219300e-001  2.4166700e-001  2.3204298e+000
  9.4823800e-001  2.6237900e-001  2.3568101e+000
  9.5428300e-001  2.8464600e-001  2.4124693e+000
  9.6032700e-001  2.8760700e-001  2.4573399e+000
  9.6637200e-001  3.0489000e-001  2.5098035e+000
  9.7241700e-001  3.2662100e-001  2.5432562e+000
  9.7846200e-001  3.3459200e-001  2.5713946e+000
  9.8450600e-001  3.6369400e-001  2.6380475e+000
  9.9055100e-001  3.7171200e-001  2.6849016e+000
  9.9659600e-001  3.9389800e-001  2.7757449e+000
  1.0026410e+000  4.2301700e-001  2.8302369e+000
  1.0086860e+000  4.3593400e-001  2.8918813e+000
  1.0147300e+000  4.4736600e-001  2.9902983e+000
  1.0207750e+000  4.6301000e-001  3.0568617e+000
  1.0268200e+000  5.0199000e-001  3.1309869e+000
  1.0328650e+000  5.4291100e-001  3.2088351e+000
  1.0389090e+000  5.4733300e-001  3.2935921e+000
  1.0449540e+000  5.8041900e-001  3.3528955e+000
  1.0509990e+000  5.6774500e-001  3.4748497e+000
  1.0570440e+000  5.9651900e-001  3.5653046e+000
  1.0630890e+000  6.1128500e-001  3.6414507e+000
  1.0691330e+000  6.2852600e-001  3.7563002e+000
  1.0751780e+000  6.4139100e-001  3.8316012e+000
  1.0812230e+000  6.6347700e-001  3.9595643e+000
  1.0872680e+000  6.6402500e-001  4.0582192e+000
  1.0933120e+000  6.9172000e-001  4.1758263e+000
  1.0993570e+000  6.9616000e-001  4.2677275e+000
  1.1054020e+000  7.1199000e-001  4.3856166e+000
  1.1114470e+000  7.4734600e-001  4.4435182e+000
  1.1174920e+000  6.9086300e-001  4.5989336e+000
  1.1235360e+000  7.1797500e-001  4.6712845e+000
  1.1295810e+000  6.5245300e-001  4.8077541e+000
  1.1356260e+000  6.3106100e-001  4.9038967e+000
  1.1416710e+000  6.4476400e-001  4.9693541e+000
  1.1477150e+000  6.5215900e-001  5.0270442e+000
  1.1537600e+000  6.3291800e-001  5.0765755e+000
  1.1598050e+000  6.2363000e-001  5.1283003e+000
  1.1658500e+000  5.2608800e-001  5.1753657e+000
  1.1718950e+000  5.3335100e-001  5.1565526e+000
  1.1779390e+000  4.1348400e-001  5.1258887e+000
  1.1839840e+000  3.3480300e-001  5.0707364e+000
  1.1900290e+000  2.1057600e-001  5.0268541e+000
  1.1960740e+000  9.5023000e-002  4.8384400e+000
  1.2021180e+000 -1.3812000e-002  4.6866063e+000
  1.2081630e+000 -1.1229100e-001  4.4384773e+000
  1.2142080e+000 -2.4718700e-001  4.1374911e+000
  1.2202530e+000 -3.8806900e-001  3.8250549e+000
  1.2262980e+000 -5.3203800e-001  3.4220457e+000
  1.2323420e+000 -6.8366300e-001  3.0485806e+000
  1.2383870e+000 -8.1383400e-001  2.5808014e+000
  1.2444320e+000 -9.1500200e-001  2.0995820e+000
  1.2504770e+000 -1.0084750e+000  1.6182053e+000
  1.2565210e+000 -1.1138760e+000  1.0807360e+000
  1.2625660e+000 -1.2113930e+000  5.9332642e-001
  1.2686110e+000 -1.3022520e+000  1.1616092e-001
  1.2746560e+000 -1.3555770e+000 -3.2931601e-001
  1.2807010e+000 -1.4406850e+000 -7.7144620e-001
  1.2867450e+000 -1.4639310e+000 -1.1922420e+000
  1.2927900e+000 -1.4709670e+000 -1.4870292e+000
  1.2988350e+000 -1.4086120e+000 -1.8637935e+000
  1.3048800e+000 -1.3509310e+000 -2.0716906e+000
  1.3109240e+000 -1.3177570e+000 -2.2297795e+000
  1.3169690e+000 -1.2304220e+000 -2.3956854e+000
  1.3230140e+000 -1.1257800e+000 -2.4494627e+000
  1.3290590e+000 -1.0459570e+000 -2.5184789e+000
  1.3351040e+000 -9.7890600e-001 -2.4882748e+000
  1.3411480e+000 -8.7302200e-001 -2.4923775e+000
  1.3471930e+000 -7.7251400e-001 -2.4033327e+000
  1.3532380e+000 -6.9256200e-001 -2.3648761e+000
  1.3592830e+000 -6.2810800e-001 -2.2473261e+000
  1.3653270e+000 -5.6719100e-001 -2.1658481e+000
  1.3713720e+000 -5.1135600e-001 -2.0501756e+000
  1.3774170e+000 -4.0922100e-001 -1.9411001e+000
  1.3834620e+000 -3.6026400e-001 -1.8076906e+000
  1.3895070e+000 -3.0137100e-001 -1.6924027e+000
  1.3955510e+000 -2.2874700e-001 -1.5881861e+000
  1.4015960e+000 -1.7579800e-001 -1.4729561e+000
  1.4076410e+000 -1.0790900e-001 -1.3876746e+000
  1.4136860e+000 -9.2368000e-002 -1.2518398e+000
  1.4197300e+000 -5.0820000e-002 -1.1786320e+000
  1.4257750e+000 -2.0825000e-002 -1.0862151e+000
  1.4318200e+000 -4.7510000e-003 -9.9035118e-001
  1.4378650e+000  4.3558000e-002 -9.2165380e-001
  1.4439100e+000  5.9065000e-002 -8.3161012e-001
  1.4499540e+000  7.5610000e-002 -7.6308268e-001
  1.4559990e+000  1.1676000e-001 -6.9887953e-001
  1.4620440e+000  1.1445700e-001 -6.2464577e-001
  1.4680890e+000  1.1732200e-001 -5.7053090e-001
  1.4741330e+000  1.3480800e-001 -5.2147255e-001
  1.4801780e+000  1.3537800e-001 -4.8557394e-001
  1.4862230e+000  1.4151700e-001 -4.1959926e-001
  1.4922680e+000  1.2608400e-001 -3.6443591e-001
  1.4983130e+000  1.1477700e-001 -3.1978569e-001
  1.5043570e+000  1.0563000e-001 -2.5984570e-001
  1.5104020e+000  1.2213600e-001 -2.5243203e-001
  1.5164470e+000  1.0456300e-001 -2.1962500e-001
  1.5224920e+000  8.8391000e-002 -1.7086789e-001
  1.5285360e+000  1.0848900e-001 -1.4780857e-001
  1.5345810e+000  1.1658400e-001 -1.4308602e-001
  1.5406260e+000  1.2359800e-001 -1.2682149e-001
  1.5466710e+000  1.2317300e-001 -1.1012939e-001
  1.5527160e+000  1.4373400e-001 -9.1402528e-002
  1.5587600e+000  1.2527600e-001 -6.7002577e-002
  1.5648050e+000  1.2251000e-001 -5.4217355e-002
  1.5708500e+000  1.1150400e-001 -4.2789383e-002
  1.5768950e+000  9.7033000e-002  8.8994512e-003
  1.5829390e+000  1.2125800e-001  1.6137536e-003
  1.5889840e+000  1.3381700e-001  2.5136430e-002
  1.5950290e+000  1.3393200e-001  3.2518474e-002
  1.6010740e+000  1.5108200e-001  2.2942793e-002
  1.6071180e+000  1.4493300e-001  3.9298891e-002
  1.6131630e+000  1.4675100e-001  4.2865901e-002
  1.6192080e+000  1.3690200e-001  4.9193164e-002
  1.6252530e+000  1.5649300e-001  4.2647572e-002
  1.6312980e+000  1.5248100e-001  5.0354636e-002
  1.6373420e+000  1.4165400e-001  7.1971467e-002
  1.6433870e+000  1.3834700e-001  6.1988624e-002
  1.6494320e+000  1.4087900e-001  5.3214826e-002
  1.6554770e+000  1.3440900e-001  8.1013724e-002
  1.6615210e+000  1.3096700e-001  7.7115395e-002
  1.6675660e+000  1.2018500e-001  8.4931721e-002
  1.6736110e+000  1.2375100e-001  1.0826119e-001
  1.6796560e+000  1.1790100e-001  1.1629180e-001
  1.6857010e+000  1.1817700e-001  1.3920051e-001
  1.6917450e+000  1.0553300e-001  1.2448245e-001
  1.6977900e+000  8.1900000e-002  1.4076644e-001
  1.7038350e+000  7.6818000e-002  1.5076584e-001
  1.7098800e+000  6.7699000e-002  1.3130425e-001
  1.7159240e+000  5.8211000e-002  1.4351360e-001
  1.7219690e+000  6.6443000e-002  1.2689387e-001
  1.7280140e+000  5.9049000e-002  1.4478293e-001
  1.7340590e+000  5.6320000e-002  1.3239867e-001
  1.7401040e+000  6.6120000e-002  1.2238243e-001
  1.7461480e+000  5.0363000e-002  1.4927222e-001
  1.7521930e+000  7.1839000e-002  1.4544182e-001
  1.7582380e+000  5.7506000e-002  1.5034550e-001
  1.7642830e+000  6.0363000e-002  1.5038739e-001
  1.7703270e+000  5.1390000e-002  1.5420363e-001
  1.7763720e+000  5.4124000e-002  1.4770950e-001
  1.7824170e+000  5.5945000e-002  1.4604288e-001
  1.7884620e+000  6.3360000e-002  1.4206038e-001
  1.7945070e+000  7.4113000e-002  1.4485851e-001
  1.8005510e+000  5.6101000e-002  1.4223293e-001
  1.8065960e+000  5.3968000e-002  1.6279945e-001
  1.8126410e+000  5.0608000e-002  1.4633913e-001
  1.8186860e+000  2.8452000e-002  1.6593449e-001
  1.8247300e+000  1.5064000e-002  1.7719258e-001
  1.8307750e+000  2.0689000e-002  1.4653449e-001
  1.8368200e+000  2.5800000e-004  1.5433151e-001
  1.8428650e+000  1.8025000e-002  1.4750517e-001
  1.8489100e+000 -9.2690000e-003  1.7189609e-001
  1.8549540e+000  1.2272000e-002  1.7424963e-001
  1.8609990e+000  9.1170000e-003  1.8080735e-001
  1.8670440e+000 -4.1200000e-004  1.7956869e-001
  1.8730890e+000  1.5309000e-002  1.5657650e-001
  1.8791330e+000  5.6710000e-003  1.7617553e-001
  1.8851780e+000  2.1162000e-002  1.6503826e-001
  1.8912230e+000  2.8057000e-002  1.3687326e-001
  1.8972680e+000  2.6466000e-002  1.3549297e-001
  1.9033130e+000 -2.2990000e-003  1.4625025e-001
  1.9093570e+000 -1.8169000e-002  1.4671624e-001
  1.9154020e+000 -3.1743000e-002  1.5180062e-001
  1.9214470e+000 -2.9122000e-002  1.2393069e-001
  1.9274920e+000 -3.1616000e-002  8.9911125e-002
  1.9335360e+000 -3.1465000e-002  8.8850565e-002
  1.9395810e+000 -3.8076000e-002  7.8667245e-002
  1.9456260e+000 -4.8737000e-002  9.1855347e-002
  1.9516710e+000 -5.2318000e-002  8.5087044e-002
  1.9577160e+000 -5.6631000e-002  1.0428535e-001
  1.9637600e+000 -7.3453000e-002  8.3383085e-002
  1.9698050e+000 -7.1260000e-002  7.8439889e-002
  1.9758500e+000 -7.8349000e-002  8.0322197e-002
  1.9818950e+000 -7.6704000e-002  6.7697080e-002
  1.9879390e+000 -1.0805200e-001  7.8396933e-002
  1.9939840e+000 -1.1926100e-001  6.9746116e-002
  2.0000290e+000 -1.2032100e-001  5.4991671e-002
  2.0060740e+000 -1.3221200e-001  4.7034569e-002
  2.0121190e+000 -1.4018300e-001  1.1640168e-002
  2.0181630e+000 -1.5410900e-001 -1.2790444e-002
  2.0242080e+000 -1.9280100e-001 -2.4946423e-002
  2.0302530e+000 -2.1641200e-001 -3.6142746e-002
  2.0362980e+000 -2.1506500e-001 -6.9066253e-002
  2.0423420e+000 -2.3047100e-001 -9.6970599e-002
  2.0483870e+000 -2.2248700e-001 -1.1512961e-001
  2.0544320e+000 -2.4601400e-001 -1.4552068e-001
  2.0604770e+000 -2.3160500e-001 -1.8370408e-001
  2.0665220e+000 -2.4570100e-001 -2.1658045e-001
  2.0725660e+000 -2.8059700e-001 -2.5172287e-001
  2.0786110e+000 -3.0699200e-001 -2.7782617e-001
  2.0846560e+000 -3.3173700e-001 -2.9162497e-001
  2.0907010e+000 -3.5530800e-001 -3.1801041e-001
  2.0967450e+000 -3.4339200e-001 -3.4019626e-001
  2.1027900e+000 -3.3979500e-001 -3.8842600e-001
  2.1088350e+000 -3.4950000e-001 -4.2743515e-001
  2.1148800e+000 -3.6806600e-001 -4.7583839e-001
  2.1209250e+000 -4.0285600e-001 -5.1710387e-001
  2.1269690e+000 -4.0240200e-001 -5.6787043e-001
  2.1330140e+000 -4.3461300e-001 -6.1277196e-001
  2.1390590e+000 -4.1908100e-001 -6.8172723e-001
  2.1451040e+000 -4.6230400e-001 -7.1956752e-001
  2.1511480e+000 -4.5415100e-001 -7.5490090e-001
  2.1571930e+000 -4.8140700e-001 -7.9173534e-001
  2.1632380e+000 -4.7761400e-001 -8.4829914e-001
  2.1692830e+000 -4.7419400e-001 -9.1505250e-001
  2.1753280e+000 -4.7613700e-001 -9.3892878e-001
  2.1813720e+000 -4.6817500e-001 -9.7901748e-001
  2.1874170e+000 -4.5361500e-001 -1.0100344e+000
  2.1934620e+000 -4.6125900e-001 -1.0509639e+000
  2.1995070e+000 -4.5598300e-001 -1.0832676e+000
  2.2055510e+000 -4.5785500e-001 -1.1217252e+000
  2.2115960e+000 -4.8988300e-001 -1.1714734e+000
  2.2176410e+000 -4.8095400e-001 -1.1985230e+000
  2.2236860e+000 -4.7833600e-001 -1.2157003e+000
  2.2297310e+000 -4.5014200e-001 -1.2660373e+000
  2.2357750e+000 -4.3298000e-001 -1.2536025e+000
  2.2418200e+000 -4.2705600e-001 -1.2771411e+000
  2.2478650e+000 -4.1585000e-001 -1.2938197e+000
  2.2539100e+000 -3.9452800e-001 -1.3153819e+000
  2.2599540e+000 -3.6128700e-001 -1.3392936e+000
  2.2659990e+000 -3.6117000e-001 -1.3097843e+000
  2.2720440e+000 -3.3483000e-001 -1.3226337e+000
  2.2780890e+000 -2.9059400e-001 -1.3301127e+000
  2.2841340e+000 -2.7953300e-001 -1.2969479e+000
  2.2901780e+000 -2.1545000e-001 -1.3261903e+000
  2.2962230e+000 -2.1959200e-001 -1.2894421e+000
  2.3022680e+000 -1.7817200e-001 -1.2661640e+000
  2.3083130e+000 -1.7222800e-001 -1.2362671e+000
  2.3143570e+000 -1.4766400e-001 -1.2066794e+000
  2.3204020e+000 -1.3237700e-001 -1.1979566e+000
  2.3264470e+000 -1.2359000e-001 -1.1740865e+000
  2.3324920e+000 -1.0449400e-001 -1.1485776e+000
  2.3385360e+000 -4.8960000e-002 -1.1462689e+000
  2.3445810e+000 -3.7826000e-002 -1.0833572e+000
  2.3506260e+000  2.5881000e-002 -1.0740015e+000
  2.3566710e+000  1.0508000e-002 -1.0136068e+000
  2.3627160e+000  5.5101000e-002 -9.7388419e-001
  2.3687600e+000  7.1880000e-002 -9.5530618e-001
  2.3748050e+000  9.3831000e-002 -8.9400457e-001
  2.3808500e+000  1.1407000e-001 -8.6859603e-001
  2.3868950e+000  1.1654600e-001 -8.2951467e-001
  2.3929390e+000  1.4732700e-001 -8.2235576e-001
  2.3989840e+000  1.5606200e-001 -7.6179606e-001
  2.4050290e+000  1.8471500e-001 -7.2302602e-001
  2.4110740e+000  2.0792300e-001 -6.8042591e-001
  2.4171190e+000  2.2606700e-001 -6.6141321e-001
  2.4231630e+000  2.1892800e-001 -6.1984801e-001
  2.4292080e+000  2.3153300e-001 -6.0497071e-001
  2.4352530e+000  2.2565200e-001 -5.4477589e-001
  2.4412980e+000  2.4071200e-001 -5.1727779e-001
  2.4473420e+000  2.4560500e-001 -4.8051927e-001
  2.4533870e+000  2.5945600e-001 -4.4985582e-001
  2.4594320e+000  2.5396400e-001 -4.3505149e-001
  2.4654770e+000  2.7562800e-001 -3.8539893e-001
  2.4715220e+000  2.7568300e-001 -3.6942321e-001
  2.4775660e+000  2.9664700e-001 -3.4995014e-001
  2.4836110e+000  3.0509400e-001 -3.1401161e-001
  2.4896560e+000  2.9824700e-001 -2.9279275e-001
  2.4957010e+000  3.2896100e-001 -2.9064302e-001
  2.5017450e+000  3.2476800e-001 -2.5752506e-001
  2.5077900e+000  3.3888800e-001 -2.2446376e-001
  2.5138350e+000  3.5038100e-001 -2.0542226e-001
  2.5198800e+000  3.3726800e-001 -1.5343259e-001
  2.5259250e+000  3.3654500e-001 -1.2190688e-001
  2.5319690e+000  3.3465200e-001 -1.0625305e-001
  2.5380140e+000  3.2570900e-001 -7.4828151e-002
  2.5440590e+000  3.3036500e-001 -6.6536571e-002
  2.5501040e+000  3.0614600e-001 -3.8353141e-002
  2.5561480e+000  3.2941000e-001 -2.6474193e-002
  2.5621930e+000  3.2688600e-001 -1.3248419e-002
  2.5682380e+000  3.4755700e-001 -5.3912266e-004
  2.5742830e+000  3.4061900e-001  1.8510624e-002
  2.5803280e+000  3.4078300e-001  4.1144652e-002
  2.5863720e+000  3.4122000e-001  5.3635017e-002
  2.5924170e+000  3.4391200e-001  5.7730758e-002
  2.5984620e+000  3.4675200e-001  8.6758573e-002
  2.6045070e+000  3.3706000e-001  1.1407601e-001
  2.6105510e+000  3.3221700e-001  1.3603159e-001
  2.6165960e+000  3.3779100e-001  1.5427028e-001
  2.6226410e+000  3.4253800e-001  1.6225297e-001
  2.6286860e+000  3.3031800e-001  1.7271869e-001
  2.6347310e+000  3.3345000e-001  1.8147816e-001
  2.6407750e+000  3.1241100e-001  2.0050693e-001
  2.6468200e+000  3.1441600e-001  2.1825677e-001
  2.6528650e+000  3.1931600e-001  2.2824715e-001
  2.6589100e+000  3.1482700e-001  2.3673796e-001
  2.6649540e+000  3.0921900e-001  2.5198913e-001
  2.6709990e+000  3.1313900e-001  2.2872783e-001
  2.6770440e+000  2.9850100e-001  2.4661627e-001
  2.6830890e+000  2.9543000e-001  2.5498725e-001
  2.6891340e+000  2.9657900e-001  2.5937256e-001
  2.6951780e+000  3.0248400e-001  2.7074666e-001
  2.7012230e+000  2.9664300e-001  2.8295837e-001
  2.7072680e+000  3.0182300e-001  2.9722394e-001
  2.7133130e+000  3.0211600e-001  3.0965772e-001
  2.7193570e+000  3.0226100e-001  3.0996643e-001
  2.7254020e+000  2.9895000e-001  3.0186510e-001
  2.7314470e+000  2.9847700e-001  3.1114734e-001
  2.7374920e+000  2.9848800e-001  3.0403568e-001
  2.7435370e+000  2.7662700e-001  3.3321407e-001
  2.7495810e+000  2.9047900e-001  3.2668964e-001
  2.7556260e+000  2.6681400e-001  3.3051372e-001
  2.7616710e+000  2.5448900e-001  3.4239162e-001
  2.7677160e+000  2.6652600e-001  3.3891455e-001
  2.7737600e+000  2.4071100e-001  3.6226808e-001
  2.7798050e+000  2.4447500e-001  3.6458374e-001
  2.7858500e+000  2.4218300e-001  3.6901284e-001
  2.7918950e+000  2.4176200e-001  3.6366643e-001
  2.7979400e+000  2.5208400e-001  3.7795793e-001
  2.8039840e+000  2.4500600e-001  3.9382758e-001
  2.8100290e+000  2.2917400e-001  3.9020421e-001
  2.8160740e+000  2.2757100e-001  4.1432346e-001
  2.8221190e+000  2.0760900e-001  3.9889974e-001
  2.8281630e+000  2.1350000e-001  3.9954614e-001
  2.8342080e+000  2.0619300e-001  4.0298982e-001
  2.8402530e+000  1.8918200e-001  3.9754348e-001
  2.8462980e+000  1.7947700e-001  4.1268433e-001
  2.8523430e+000  1.8214200e-001  3.8418977e-001
  2.8583870e+000  1.8039600e-001  3.9958955e-001
  2.8644320e+000  1.7359700e-001  3.9004027e-001
  2.8704770e+000  1.7368000e-001  3.9884241e-001
  2.8765220e+000  1.6208000e-001  3.9549784e-001
  2.8825660e+000  1.5374800e-001  3.9255836e-001
  2.8886110e+000  1.3704000e-001  4.0727702e-001
  2.8946560e+000  1.2979600e-001  3.8847239e-001
  2.9007010e+000  1.2100600e-001  4.0174098e-001
  2.9067460e+000  1.2456500e-001  3.8175460e-001
  2.9127900e+000  1.3104600e-001  3.8383004e-001
  2.9188350e+000  1.1321400e-001  3.8398544e-001
  2.9248800e+000  1.1391700e-001  3.8476929e-001
  2.9309250e+000  1.0170100e-001  3.8089250e-001
  2.9369690e+000  1.0355500e-001  3.7827090e-001
  2.9430140e+000  9.7627000e-002  3.6301299e-001
  2.9490590e+000  1.0041300e-001  3.5946621e-001
  2.9551040e+000  9.8215000e-002  3.5539479e-001
  2.9611490e+000  7.8820000e-002  3.5215232e-001
  2.9671930e+000  5.9261000e-002  3.7097882e-001
  2.9732380e+000  5.3857000e-002  3.4831190e-001
  2.9792830e+000  3.7157000e-002  3.7052453e-001
  2.9853280e+000  4.9224000e-002  3.4062912e-001
  2.9913720e+000  5.1317000e-002  3.3227772e-001
  2.9974170e+000  3.6505000e-002  3.2578391e-001
  3.0034620e+000  2.3044000e-002  3.3050208e-001
  3.0095070e+000  1.2103000e-002  3.2573599e-001
  3.0155510e+000  1.5367000e-002  3.1254958e-001
  3.0215960e+000  5.2880000e-003  3.1845576e-001
  3.0276410e+000  4.7630000e-003  3.2460265e-001
  3.0336860e+000 -8.3730000e-003  3.1913351e-001
  3.0397310e+000 -2.4295000e-002  3.2229515e-001
  3.0457750e+000 -2.1541000e-002  2.9584946e-001
  3.0518200e+000 -3.8667000e-002  2.8352707e-001
  3.0578650e+000 -5.2336000e-002  2.6966585e-001
  3.0639100e+000 -6.3102000e-002  2.6511413e-001
  3.0699540e+000 -5.9488000e-002  2.6530946e-001
  3.0759990e+000 -6.1464000e-002  2.6313215e-001
  3.0820440e+000 -7.4902000e-002  2.4301714e-001
  3.0880890e+000 -8.2628000e-002  2.4561865e-001
  3.0941340e+000 -9.9534000e-002  2.2512513e-001
  3.1001780e+000 -1.0163200e-001  2.1213593e-001
  3.1062230e+000 -1.0989100e-001  2.0474836e-001
  3.1122680e+000 -1.0611300e-001  1.8650172e-001
  3.1183130e+000 -1.2131200e-001  1.8395565e-001
  3.1243570e+000 -1.4461800e-001  1.7619158e-001
  3.1304020e+000 -1.4985300e-001  1.6972329e-001
  3.1364470e+000 -1.5018500e-001  1.4501675e-001
  3.1424920e+000 -1.6177600e-001  1.3920528e-001
  3.1485370e+000 -1.6079100e-001  1.1453957e-001
  3.1545810e+000 -1.5221400e-001  1.0650897e-001
  3.1606260e+000 -1.6764300e-001  1.1374081e-001
  3.1666710e+000 -1.6662500e-001  1.0369213e-001
  3.1727160e+000 -1.6520800e-001  8.1460171e-002
  3.1787600e+000 -1.7653000e-001  7.9067554e-002
  3.1848050e+000 -1.8373500e-001  6.5968696e-002
  3.1908500e+000 -1.7789000e-001  4.4722474e-002
  3.1968950e+000 -1.8576800e-001  3.5042431e-002
  3.2029400e+000 -1.9956600e-001  2.6172450e-002
  3.2089840e+000 -2.0939800e-001  7.1717883e-003
  3.2150290e+000 -2.2318600e-001  7.6640288e-003
  3.2210740e+000 -2.3244000e-001 -8.2630488e-003
  3.2271190e+000 -2.2457100e-001 -2.5952104e-002
  3.2331630e+000 -2.2256900e-001 -3.5920625e-002
  3.2392080e+000 -2.1641600e-001 -6.1978234e-002
  3.2452530e+000 -2.1187100e-001 -6.3568209e-002
  3.2512980e+000 -2.1366400e-001 -6.9520166e-002
  3.2573430e+000 -2.2602600e-001 -8.1538786e-002
  3.2633870e+000 -2.1927300e-001 -8.5229124e-002
  3.2694320e+000 -2.1231100e-001 -1.0330394e-001
  3.2754770e+000 -2.1408200e-001 -1.0545321e-001
  3.2815220e+000 -2.1627300e-001 -9.6161771e-002
  3.2875660e+000 -2.2864400e-001 -1.0446249e-001
  3.2936110e+000 -2.1622900e-001 -1.2283340e-001
  3.2996560e+000 -2.2290200e-001 -1.2180729e-001
  3.3057010e+000 -2.4364700e-001 -1.3772762e-001
  3.3117460e+000 -2.2823900e-001 -1.5125403e-001
  3.3177900e+000 -2.3380400e-001 -1.6662162e-001
  3.3238350e+000 -2.2836200e-001 -1.5964205e-001
  3.3298800e+000 -2.3633300e-001 -1.6819745e-001
  3.3359250e+000 -2.3195900e-001 -1.6889431e-001
  3.3419690e+000 -2.1360100e-001 -1.8117447e-001
  3.3480140e+000 -2.1121100e-001 -1.7158461e-001
  3.3540590e+000 -2.1443900e-001 -1.7357581e-001
  3.3601040e+000 -2.0775800e-001 -1.7796994e-001
  3.3661490e+000 -2.0735500e-001 -1.7043673e-001
  3.3721930e+000 -1.9876300e-001 -1.7936049e-001
  3.3782380e+000 -1.9453400e-001 -1.8569805e-001
  3.3842830e+000 -1.8010500e-001 -1.9751802e-001
  3.3903280e+000 -1.7174600e-001 -1.9618923e-001
  3.3963720e+000 -1.5914000e-001 -1.9301682e-001
  3.4024170e+000 -1.7065400e-001 -1.8845188e-001
  3.4084620e+000 -1.5712500e-001 -1.9914075e-001
  3.4145070e+000 -1.4680400e-001 -1.9536637e-001
  3.4205520e+000 -1.4937600e-001 -1.9701346e-001
  3.4265960e+000 -1.4435900e-001 -1.8680080e-001
  3.4326410e+000 -1.4606800e-001 -1.8706349e-001
  3.4386860e+000 -1.2783900e-001 -1.8992641e-001
  3.4447310e+000 -1.3984900e-001 -1.7107204e-001
  3.4507750e+000 -1.3669300e-001 -1.6854764e-001
  3.4568200e+000 -1.4138100e-001 -1.7125013e-001
  3.4628650e+000 -1.2975800e-001 -1.7236075e-001
  3.4689100e+000 -1.1339400e-001 -1.8222042e-001
  3.4749550e+000 -1.0295900e-001 -1.8543112e-001
  3.4809990e+000 -1.0276100e-001 -1.8146294e-001
  3.4870440e+000 -9.8347000e-002 -1.6326791e-001
  3.4930890e+000 -8.8931000e-002 -1.6252405e-001
  3.4991340e+000 -8.3199000e-002 -1.5904307e-001
  3.5051780e+000 -7.4058000e-002 -1.5924280e-001
  3.5112230e+000 -9.4093000e-002 -1.4416143e-001
  3.5172680e+000 -9.1382000e-002 -1.4156136e-001
  3.5233130e+000 -8.0119000e-002 -1.4364595e-001
  3.5293580e+000 -9.2457000e-002 -1.3297364e-001
  3.5354020e+000 -8.5164000e-002 -1.2217804e-001
  3.5414470e+000 -8.0190000e-002 -1.1733862e-001
  3.5474920e+000 -6.8945000e-002 -1.0727241e-001
  3.5535370e+000 -7.8280000e-002 -1.0452738e-001
  3.5595810e+000 -7.2579000e-002 -1.1405618e-001
  3.5656260e+000 -7.1779000e-002 -1.0441749e-001
  3.5716710e+000 -5.7741000e-002 -1.1474920e-001
  3.5777160e+000 -4.6303000e-002 -1.2490142e-001
  3.5837610e+000 -4.0298000e-002 -1.1919910e-001
  3.5898050e+000 -2.1730000e-002 -1.1966962e-001
  3.5958500e+000 -2.1486000e-002 -1.1204682e-001
  3.6018950e+000 -2.5673000e-002 -1.1322513e-001
  3.6079400e+000 -2.9804000e-002 -1.1686860e-001
  3.6139840e+000 -3.4495000e-002 -1.1400145e-001
  3.6200290e+000 -3.0795000e-002 -1.1574962e-001
  3.6260740e+000 -4.0368000e-002 -1.1662565e-001
  3.6321190e+000 -3.9271000e-002 -1.1003969e-001
  3.6381640e+000 -4.1586000e-002 -1.0691239e-001
  3.6442080e+000 -5.8973000e-002 -9.2176650e-002
  3.6502530e+000 -5.4411000e-002 -9.0400549e-002
  3.6562980e+000 -4.8880000e-002 -9.2273115e-002
  3.6623430e+000 -3.5747000e-002 -9.1409343e-002
  3.6683870e+000 -2.9832000e-002 -9.4819017e-002
  3.6744320e+000 -2.6731000e-002 -8.6021329e-002
  3.6804770e+000 -2.4009000e-002 -8.2937925e-002
  3.6865220e+000 -1.9106000e-002 -8.7421182e-002
  3.6925670e+000 -1.9053000e-002 -6.6475709e-002
  3.6986110e+000 -1.3165000e-002 -7.1951680e-002
  3.7046560e+000 -1.4635000e-002 -7.2073193e-002
  3.7107010e+000 -1.2513000e-002 -7.7981059e-002
  3.7167460e+000 -1.6128000e-002 -8.1208515e-002
  3.7227900e+000 -5.4880000e-003 -8.1339182e-002
  3.7288350e+000 -1.3171000e-002 -7.7281413e-002
  3.7348800e+000 -1.2072000e-002 -8.9567205e-002
  3.7409250e+000 -1.7865000e-002 -8.2074634e-002
  3.7469690e+000 -2.2771000e-002 -7.8268743e-002
  3.7530140e+000 -2.2613000e-002 -6.9255449e-002
  3.7590590e+000 -1.9604000e-002 -7.6957996e-002
  3.7651040e+000 -1.3412000e-002 -8.1679843e-002
  3.7711490e+000 -2.1338000e-002 -7.6802748e-002
  3.7771930e+000 -1.7070000e-002 -7.4527550e-002
  3.7832380e+000 -3.4018000e-002 -5.8086201e-002
  3.7892830e+000 -2.5043000e-002 -5.6750195e-002
  3.7953280e+000 -3.4426000e-002 -6.4983026e-002
  3.8013720e+000 -2.8722000e-002 -7.2657466e-002
  3.8074170e+000 -3.3386000e-002 -6.3040023e-002
  3.8134620e+000 -3.7277000e-002 -6.2912183e-002
  3.8195070e+000 -3.1829000e-002 -6.7386886e-002
  3.8255520e+000 -2.4536000e-002 -7.3117281e-002
  3.8315960e+000 -2.0355000e-002 -7.6918707e-002
  3.8376410e+000 -2.1801000e-002 -7.7380289e-002
  3.8436860e+000 -1.2139000e-002 -7.2154387e-002
  3.8497310e+000 -7.4350000e-003 -7.8360945e-002
  3.8557750e+000 -1.4173000e-002 -7.0692775e-002
  3.8618200e+000 -1.4185000e-002 -7.1612240e-002
  3.8678650e+000 -1.4352000e-002 -6.9384634e-002
  3.8739100e+000 -2.1106000e-002 -6.5718417e-002
  3.8799550e+000 -2.1101000e-002 -5.7854807e-002
  3.8859990e+000 -1.4338000e-002 -5.9899924e-002
  3.8920440e+000 -1.7711000e-002 -5.4121827e-002
  3.8980890e+000 -1.0128000e-002 -5.9973809e-002
  3.9041340e+000 -1.3723000e-002 -5.9275822e-002
  3.9101780e+000 -1.6343000e-002 -6.3630770e-002
  3.9162230e+000 -1.6609000e-002 -6.7455254e-002
  3.9222680e+000 -1.6101000e-002 -6.1371218e-002
  3.9283130e+000 -1.1109000e-002 -5.4724606e-002
  3.9343580e+000 -1.0811000e-002 -6.8077215e-002
  3.9404020e+000 -1.8840000e-002 -6.6042698e-002
  3.9464470e+000 -2.5671000e-002 -5.9077885e-002
  3.9524920e+000 -1.6209000e-002 -6.5317407e-002
  3.9585370e+000 -1.5415000e-002 -6.7546445e-002
  3.9645810e+000 -1.8329000e-002 -6.1213296e-002
  3.9706260e+000 -1.8971000e-002 -6.3980696e-002
  3.9766710e+000 -1.7477000e-002 -6.9500252e-002
  3.9827160e+000 -1.2450000e-002 -7.7734366e-002
  3.9887610e+000  6.2820000e-003 -8.5856856e-002
  3.9948050e+000  4.3490000e-003 -7.7538910e-002
  4.0008500e+000  9.5300000e-004 -6.4773622e-002
  4.0068950e+000  5.9390000e-003 -6.1819743e-002
  4.0129400e+000  1.1200000e-004 -5.6769323e-002
  4.0189840e+000  1.0584000e-002 -5.2050506e-002
  4.0250290e+000  1.1697000e-002 -5.3692589e-002
  4.0310740e+000  5.3200000e-003 -5.8078334e-002
  4.0371190e+000  1.0448000e-002 -5.3186114e-002
  4.0431640e+000  1.3441000e-002 -6.0918615e-002
  4.0492080e+000  7.8260000e-003 -6.0448307e-002
  4.0552530e+000  3.8380000e-003 -4.7136312e-002
  4.0612980e+000  7.9040000e-003 -4.7753781e-002
  4.0673430e+000  6.2170000e-003 -4.7065794e-002
  4.0733870e+000  1.1014000e-002 -4.1527995e-002
  4.0794320e+000  7.7670000e-003 -4.3006511e-002
  4.0854770e+000  2.3803000e-002 -4.7127231e-002
  4.0915220e+000  2.4910000e-002 -4.9134047e-002
  4.0975670e+000  2.9782000e-002 -5.0873089e-002
  4.1036110e+000  2.4998000e-002 -4.1189301e-002
  4.1096560e+000  2.5727000e-002 -3.8673277e-002
  4.1157010e+000  1.4086000e-002 -4.1212849e-002
  4.1217460e+000  1.0500000e-004 -3.7635178e-002
  4.1277900e+000  1.5051000e-002 -4.4106006e-002
  4.1338350e+000  1.9808000e-002 -4.6025092e-002
  4.1398800e+000  2.9131000e-002 -4.4423588e-002
  4.1459250e+000  3.1468000e-002 -4.7727199e-002
  4.1519700e+000  2.6367000e-002 -5.1564121e-002
  4.1580140e+000  3.3266000e-002 -5.7312631e-002
  4.1640590e+000  2.4669000e-002 -5.0982477e-002
  4.1701040e+000  3.8409000e-002 -5.1472580e-002
  4.1761490e+000  3.2314000e-002 -3.6312887e-002
  4.1821930e+000  3.5532000e-002 -3.7317912e-002
  4.1882380e+000  4.8141000e-002 -4.5872130e-002
  4.1942830e+000  3.8560000e-002 -3.8505140e-002
  4.2003280e+000  3.6614000e-002 -3.0688781e-002
  4.2063730e+000  4.1840000e-002 -2.0644594e-002
  4.2124170e+000  3.3576000e-002 -2.2094775e-002
  4.2184620e+000  3.4727000e-002 -1.6972217e-002
  4.2245070e+000  3.4144000e-002 -1.6521412e-002
  4.2305520e+000  2.7763000e-002 -5.4376450e-003
  4.2365960e+000  3.0302000e-002  6.0734119e-003
  4.2426410e+000  2.6096000e-002  5.4817847e-003
  4.2486860e+000  4.0672000e-002  7.1377295e-004
  4.2547310e+000  4.1987000e-002 -3.3176422e-003
  4.2607760e+000  4.1261000e-002 -1.2212300e-002
  4.2668200e+000  3.3462000e-002 -9.8976960e-003
  4.2728650e+000  3.7728000e-002 -2.1540742e-002
  4.2789100e+000  3.9496000e-002 -3.4729838e-002
  4.2849550e+000  3.5858000e-002 -2.7694102e-002
  4.2909990e+000  2.9662000e-002 -2.0064743e-002
  4.2970440e+000  3.3298000e-002 -2.1092723e-002
  4.3030890e+000  3.9515000e-002 -2.0186517e-002
  4.3091340e+000  4.7090000e-002 -2.9927475e-002
  4.3151790e+000  4.0990000e-002 -2.1929394e-002
  4.3212230e+000  5.3269000e-002 -2.6784910e-002
  4.3272680e+000  5.6574000e-002 -2.0063311e-002
  4.3333130e+000  5.1227000e-002 -1.3418274e-002
  4.3393580e+000  4.4836000e-002 -1.2484729e-002
  4.3454020e+000  4.0868000e-002 -8.4762920e-003
  4.3514470e+000  3.9688000e-002 -9.3403909e-003
  4.3574920e+000  5.0203000e-002 -9.0553228e-003
  4.3635370e+000  4.4019000e-002 -1.3343499e-002
  4.3695820e+000  3.8846000e-002 -1.4626214e-002
  4.3756260e+000  4.4639000e-002 -1.3012786e-002
  4.3816710e+000  5.0715000e-002 -2.2032799e-002
  4.3877160e+000  4.9177000e-002 -1.8681616e-002
  4.3937610e+000  5.5099000e-002 -1.8879434e-002
  4.3998050e+000  5.8864000e-002 -1.6885661e-002
  4.4058500e+000  5.6750000e-002 -2.0226818e-002
  4.4118950e+000  6.0446000e-002 -2.4090471e-002
  4.4179400e+000  6.7845000e-002 -2.1005922e-002
  4.4239840e+000  6.9822000e-002 -2.3534495e-002
  4.4300290e+000  6.2802000e-002 -2.1997761e-002
  4.4360740e+000  5.7378000e-002 -2.8981128e-002
  4.4421190e+000  5.5298000e-002 -2.7626133e-002
  4.4481640e+000  5.3029000e-002 -3.7208218e-002
  4.4542080e+000  4.8682000e-002 -3.3633064e-002
  4.4602530e+000  3.8156000e-002 -3.0858475e-002
  4.4662980e+000  3.6574000e-002 -2.8064666e-002
  4.4723430e+000  3.6339000e-002 -8.9043632e-003
  4.4783870e+000  4.8008000e-002 -1.3043371e-002
  4.4844320e+000  5.2487000e-002 -8.7274059e-003
  4.4904770e+000  5.8389000e-002 -2.0313667e-002
  4.4965220e+000  4.9258000e-002 -2.4570724e-002
  4.5025670e+000  5.3924000e-002 -2.7455923e-002
  4.5086110e+000  5.6926000e-002 -3.3774325e-002
  4.5146560e+000  5.7571000e-002 -3.8674559e-002
  4.5207010e+000  4.3419000e-002 -2.6490770e-002
  4.5267460e+000  4.9032000e-002 -2.5003323e-002
  4.5327900e+000  4.1822000e-002 -1.9603792e-002
  4.5388350e+000  2.8384000e-002 -1.0838810e-002
  4.5448800e+000  3.9045000e-002 -1.4338913e-002
  4.5509250e+000  3.9304000e-002 -1.2334284e-002
  4.5569700e+000  3.6723000e-002 -1.1994470e-002
  4.5630140e+000  3.4727000e-002 -1.1538217e-002
  4.5690590e+000  2.2495000e-002 -7.0079613e-003
  4.5751040e+000  3.1607000e-002 -6.9682244e-003
  4.5811490e+000  4.1229000e-002 -1.1587207e-002
  4.5871930e+000  4.7655000e-002 -1.2843479e-002
  4.5932380e+000  3.9904000e-002 -1.3908013e-002
  4.5992830e+000  2.7922000e-002 -2.4822283e-003
  4.6053280e+000  4.2938000e-002 -1.1100508e-002
  4.6113730e+000  4.2018000e-002 -1.0363857e-002
  4.6174170e+000  5.3824000e-002 -1.5406134e-002
  4.6234620e+000  5.4248000e-002 -4.9693565e-003
  4.6295070e+000  5.4733000e-002 -1.1342129e-002
  4.6355520e+000  4.5805000e-002 -2.7123967e-003
  4.6415960e+000  4.4999000e-002  4.9021764e-003
  4.6476410e+000  4.5193000e-002  2.7708673e-003
  4.6536860e+000  3.9009000e-002  5.2956911e-003
  4.6597310e+000  2.7857000e-002  4.9938340e-003
  4.6657760e+000  3.1307000e-002  1.3822140e-002
  4.6718200e+000  2.9070000e-002  2.1404963e-002
  4.6778650e+000  3.2475000e-002  2.7497774e-002
  4.6839100e+000  3.7805000e-002  1.3488661e-002
  4.6899550e+000  3.0117000e-002  2.0449820e-002
  4.6959990e+000  3.5820000e-002  8.2332577e-003
  4.7020440e+000  2.9430000e-002  1.0195925e-002
  4.7080890e+000  2.7098000e-002  8.9151467e-003
  4.7141340e+000  1.8879000e-002  1.5486461e-002
  4.7201790e+000  1.5599000e-002  2.1609915e-002
  4.7262230e+000  1.1485000e-002  1.5904522e-002
  4.7322680e+000  1.6593000e-002  6.5612998e-003
  4.7383130e+000  2.9768000e-002 -2.6457989e-003
  4.7443580e+000  2.6829000e-002  1.3252970e-003
  4.7504020e+000  2.1252000e-002  7.4022463e-003
  4.7564470e+000  2.7014000e-002  1.1574889e-002
  4.7624920e+000  2.0936000e-002  2.2219657e-002
  4.7685370e+000  1.9200000e-002  2.2996661e-002
  4.7745820e+000  9.5350000e-003  2.4865393e-002
  4.7806260e+000  9.6620000e-003  2.6164902e-002
  4.7866710e+000  1.8134000e-002  2.6063483e-002
  4.7927160e+000  3.0770000e-003  2.4594756e-002
  4.7987610e+000 -7.0160000e-003  2.9668222e-002
  4.8048050e+000 -1.2211000e-002  3.9587820e-002
  4.8108500e+000 -1.1213000e-002  4.3714694e-002
  4.8168950e+000 -4.4760000e-003  4.6712401e-002
  4.8229400e+000  9.4340000e-003  4.1090059e-002
  4.8289850e+000  1.2918000e-002  4.3312517e-002
  4.8350290e+000  2.1090000e-003  4.6880546e-002
  4.8410740e+000  3.7680000e-003  4.3958140e-002
  4.8471190e+000  1.8910000e-003  4.3105925e-002
  4.8531640e+000  5.7800000e-004  4.2270584e-002
  4.8592080e+000  8.0900000e-003  3.4598933e-002
  4.8652530e+000 -5.9640000e-003  3.7522690e-002
  4.8712980e+000 -1.1649000e-002  4.0310450e-002
  4.8773430e+000 -6.9670000e-003  3.2713206e-002
  4.8833880e+000 -1.6333000e-002  2.9632451e-002
  4.8894320e+000 -1.7403000e-002  3.3772785e-002
  4.8954770e+000 -1.3237000e-002  2.9841527e-002
  4.9015220e+000 -5.9570000e-003  3.7006545e-002
  4.9075670e+000 -7.9320000e-003  3.6183362e-002
  4.9136110e+000  3.0570000e-003  3.1208314e-002
  4.9196560e+000  2.7880000e-003  2.9628464e-002
  4.9257010e+000 -1.6432000e-002  3.8895361e-002
  4.9317460e+000 -2.4174000e-002  3.1724926e-002
  4.9377910e+000 -2.8502000e-002  3.7377400e-002
  4.9438350e+000 -3.0739000e-002  3.8443223e-002
  4.9498800e+000 -3.6786000e-002  2.9383777e-002
  4.9559250e+000 -2.9242000e-002  3.2324033e-002
  4.9619700e+000 -2.9860000e-002  3.3492564e-002
  4.9680140e+000 -2.4068000e-002  3.4233870e-002
  4.9740590e+000 -2.3235000e-002  3.2034594e-002
  4.9801040e+000 -2.3103000e-002  3.8787714e-002
  4.9861490e+000 -1.5592000e-002  3.0635940e-002
  4.9921940e+000 -2.2834000e-002  2.8647563e-002
  4.9982380e+000 -3.4993000e-002  3.2603734e-002
  5.0042830e+000 -3.7786000e-002  3.5173659e-002
  5.0103280e+000 -4.2281000e-002  3.0982740e-002
  5.0163730e+000 -4.3079000e-002  2.8229290e-002
  5.0224170e+000 -4.4996000e-002  3.4624190e-002
  5.0284620e+000 -3.7579000e-002  3.9938937e-002
  5.0345070e+000 -2.7235000e-002  3.4437123e-002
  5.0405520e+000 -3.2239000e-002  2.7027046e-002
  5.0465970e+000 -3.5625000e-002  3.1353555e-002
  5.0526410e+000 -4.4863000e-002  3.4882432e-002
  5.0586860e+000 -4.1586000e-002  2.6177611e-002
  5.0647310e+000 -4.0181000e-002  8.0331869e-003
  5.0707760e+000 -3.9429000e-002  1.2377019e-002
  5.0768200e+000 -4.5771000e-002  1.0695549e-002
  5.0828650e+000 -4.6399000e-002  1.9754859e-002
  5.0889100e+000 -4.9254000e-002  2.1160213e-002
  5.0949550e+000 -5.5824000e-002  2.5561899e-002
  5.1009990e+000 -6.0045000e-002  2.9285440e-002
  5.1070440e+000 -6.4804000e-002  2.3901282e-002
  5.1130890e+000 -6.5185000e-002  3.5677755e-002
  5.1191340e+000 -6.0196000e-002  3.3923000e-002
  5.1251790e+000 -5.4239000e-002  2.8770456e-002
  5.1312230e+000 -4.7738000e-002  2.7144343e-002
  5.1372680e+000 -5.6678000e-002  2.6509610e-002
  5.1433130e+000 -5.7477000e-002  2.7403038e-002
  5.1493580e+000 -6.0793000e-002  2.2990096e-002
  5.1554020e+000 -6.7542000e-002  2.7818923e-002
  5.1614470e+000 -6.5074000e-002  1.2075310e-002
  5.1674920e+000 -7.5474000e-002  3.0211285e-002
  5.1735370e+000 -6.8842000e-002  3.1791170e-002
  5.1795820e+000 -5.9733000e-002  1.3606541e-002
  5.1856260e+000 -5.8835000e-002  1.2261202e-002
  5.1916710e+000 -5.4821000e-002  5.7913831e-003
  5.1977160e+000 -5.7797000e-002  2.0019607e-003
  5.2037610e+000 -6.1566000e-002 -3.3930113e-004
  5.2098050e+000 -6.1282000e-002  8.8103803e-003
  5.2158500e+000 -6.3459000e-002  2.0921530e-002
  5.2218950e+000 -5.3823000e-002  1.0771257e-002
  5.2279400e+000 -4.9654000e-002  7.6323655e-003
  5.2339850e+000 -5.6105000e-002 -6.6894161e-003
  5.2400290e+000 -6.8731000e-002 -3.2582748e-003
  5.2460740e+000 -6.8697000e-002 -7.4671228e-003
  5.2521190e+000 -7.4184000e-002  3.8848172e-003
  5.2581640e+000 -6.4651000e-002  6.9069656e-003
  5.2642080e+000 -6.5907000e-002 -3.1841427e-004
  5.2702530e+000 -7.4713000e-002  3.3922169e-003
  5.2762980e+000 -7.4667000e-002 -1.7361657e-003
  5.2823430e+000 -7.4241000e-002 -1.2021436e-003
  5.2883880e+000 -7.1386000e-002  3.6455026e-003
  5.2944320e+000 -6.1307000e-002  8.7633274e-003
  5.3004770e+000 -5.8579000e-002  4.3744646e-003
  5.3065220e+000 -5.9470000e-002 -2.0993423e-003
  5.3125670e+000 -6.8407000e-002  4.6362914e-003
  5.3186110e+000 -6.9974000e-002 -3.0970671e-003
  5.3246560e+000 -6.3725000e-002 -4.5489533e-003
  5.3307010e+000 -7.3879000e-002 -5.7659369e-003
  5.3367460e+000 -7.4921000e-002 -1.6484184e-002
  5.3427910e+000 -7.4391000e-002 -1.4425461e-002
  5.3488350e+000 -7.2557000e-002 -4.2794973e-003
  5.3548800e+000 -7.2868000e-002 -8.1744759e-003
  5.3609250e+000 -6.7718000e-002 -1.5892570e-002
  5.3669700e+000 -6.6547000e-002 -1.5990570e-002
  5.3730140e+000 -5.6626000e-002 -6.2260395e-003
  5.3790590e+000 -5.4389000e-002 -1.3028621e-003
  5.3851040e+000 -5.8459000e-002 -3.5738813e-003
  5.3911490e+000 -5.6705000e-002 -1.0700687e-002
  5.3971940e+000 -4.4132000e-002 -6.1273004e-003
  5.4032380e+000 -4.2942000e-002 -1.2414980e-002
  5.4092830e+000 -4.7278000e-002 -1.5312483e-002
  5.4153280e+000 -5.1831000e-002 -6.3384849e-003
  5.4213730e+000 -4.2912000e-002 -1.0362317e-002
  5.4274170e+000 -3.3830000e-002 -9.0512433e-003
  5.4334620e+000 -3.4599000e-002  7.5984812e-004
  5.4395070e+000 -3.1530000e-002 -4.3823725e-003
  5.4455520e+000 -3.2177000e-002 -7.8138270e-004
  5.4515970e+000 -4.0671000e-002 -2.9996508e-003
  5.4576410e+000 -3.8598000e-002 -6.7735007e-003
  5.4636860e+000 -3.5794000e-002 -9.1430826e-003
  5.4697310e+000 -3.4133000e-002 -1.1412245e-002
  5.4757760e+000 -2.5970000e-002 -4.4503979e-003
  5.4818200e+000 -1.9256000e-002 -3.8494993e-003
  5.4878650e+000 -2.2047000e-002 -1.7783299e-003
  5.4939100e+000 -3.1021000e-002 -2.8892146e-003
  5.4999550e+000 -3.4711000e-002 -6.0788291e-003
  5.5060000e+000 -3.6714000e-002 -1.3253431e-002
  5.5120440e+000 -3.1977000e-002 -7.5039592e-003
  5.5180890e+000 -1.8903000e-002 -9.0213917e-003
  5.5241340e+000 -2.0347000e-002 -5.1217298e-003
  5.5301790e+000 -2.3695000e-002 -1.7705800e-003
  5.5362230e+000 -2.5129000e-002 -1.4469683e-004
  5.5422680e+000 -2.5907000e-002 -3.4704438e-005
  5.5483130e+000 -2.3075000e-002 -2.7058670e-003
  5.5543580e+000 -1.6843000e-002 -7.7182919e-004
  5.5604030e+000 -8.8410000e-003 -8.8826430e-003
  5.5664470e+000 -1.2303000e-002 -1.1538415e-002
  5.5724920e+000 -1.1263000e-002 -2.0711412e-002
  5.5785370e+000 -9.0100000e-003 -1.7616281e-002
  5.5845820e+000 -5.6200000e-003 -2.0129302e-002
  5.5906260e+000  1.5800000e-004 -1.6329705e-002
  5.5966710e+000  6.0940000e-003 -6.6398145e-003
  5.6027160e+000 -3.4630000e-003  1.4831062e-003
  5.6087610e+000 -1.6000000e-003 -8.8703884e-003
  5.6148060e+000 -1.1313000e-002 -8.2485181e-003
  5.6208500e+000 -1.3204000e-002 -9.5244427e-003
  5.6268950e+000 -1.1309000e-002 -9.3290296e-003
  5.6329400e+000  1.4270000e-003 -1.3422738e-002
  5.6389850e+000  9.0430000e-003 -1.1158689e-002
  5.6450290e+000  4.8710000e-003 -6.3651645e-003
  5.6510740e+000 -3.1800000e-004 -1.0238833e-002
  5.6571190e+000  4.9190000e-003 -1.5097303e-002
  5.6631640e+000  6.3410000e-003 -7.4426514e-003
  5.6692090e+000  3.8170000e-003 -4.4098766e-003
  5.6752530e+000 -3.3330000e-003 -5.6320184e-003
  5.6812980e+000  2.4620000e-003 -9.6243461e-003
  5.6873430e+000  4.0050000e-003 -6.4009184e-003
  5.6933880e+000 -1.1110000e-002  7.5427185e-004
  5.6994320e+000 -2.8880000e-003  2.0573240e-003
  5.7054770e+000  5.8450000e-003 -5.9762218e-003
  5.7115220e+000  6.6190000e-003  2.6892974e-003
  5.7175670e+000  3.3980000e-003  5.3889561e-003
  5.7236120e+000  9.5900000e-004 -7.3848891e-003
  5.7296560e+000 -3.2170000e-003 -3.6248528e-003
  5.7357010e+000  8.8790000e-003 -4.7707165e-003
  5.7417460e+000  1.0655000e-002 -2.6058354e-003
  5.7477910e+000  1.1227000e-002  9.4630159e-003
  5.7538350e+000  8.1960000e-003  1.3730877e-002
  5.7598800e+000  1.5380000e-002 -4.7282907e-004
  5.7659250e+000  1.0432000e-002  4.7379323e-003
  5.7719700e+000  8.9400000e-003  1.4357326e-003
  5.7780150e+000  1.6784000e-002 -1.7583758e-003
  5.7840590e+000  1.5039000e-002  3.9375288e-003
  5.7901040e+000  1.6072000e-002  8.0956764e-003
  5.7961490e+000  1.6641000e-002  8.9821614e-003
  5.8021940e+000  1.3423000e-002  1.2258187e-002
  5.8082380e+000  1.0850000e-002  2.3478978e-002
  5.8142830e+000  1.5251000e-002  1.9528418e-002
  5.8203280e+000  1.6170000e-002  9.9096439e-003
  5.8263730e+000  1.6125000e-002  1.2588149e-002
  5.8324170e+000  1.3601000e-002  2.8366923e-002
  5.8384620e+000  1.5219000e-002  3.0815510e-002
  5.8445070e+000  1.4706000e-002  3.0769864e-002
  5.8505520e+000 -8.7300000e-004  3.8296391e-002
  5.8565970e+000 -2.2520000e-003  3.5196991e-002
  5.8626410e+000  2.5190000e-003  3.7177615e-002
  5.8686860e+000  1.0065000e-002  3.5565115e-002
  5.8747310e+000  9.8030000e-003  2.5641120e-002
  5.8807760e+000  5.3540000e-003  3.1713818e-002
  5.8868200e+000  7.4110000e-003  3.6498015e-002
  5.8928650e+000  8.1570000e-003  3.5891114e-002
  5.8989100e+000  1.2710000e-002  2.9473117e-002
  5.9049550e+000  1.3634000e-002  2.7729953e-002
  5.9110000e+000  1.5408000e-002  2.1412590e-002
  5.9170440e+000  2.4333000e-002  2.1890491e-002
  5.9230890e+000  2.6715000e-002  2.3108376e-002
  5.9291340e+000  3.1678000e-002  2.0728446e-002
  5.9351790e+000  2.4757000e-002  2.2107269e-002
  5.9412230e+000  2.2180000e-002  1.7016572e-002
  5.9472680e+000  2.7500000e-002  1.6753238e-002
  5.9533130e+000  2.1910000e-002  2.0372600e-002
  5.9593580e+000  1.4644000e-002  2.8441292e-002
  5.9654030e+000  1.6865000e-002  2.8746516e-002
  5.9714470e+000  1.4606000e-002  2.5103652e-002
  5.9774920e+000  2.3022000e-002  1.9329395e-002
  5.9835370e+000  6.1160000e-003  2.4596872e-002
  5.9895820e+000  5.1880000e-003  2.9944547e-002
  5.9956260e+000  1.0133000e-002  2.6566419e-002
  6.0016710e+000  4.6680000e-003  2.9243046e-002
  6.0077160e+000  9.5110000e-003  1.8627462e-002
  6.0137610e+000  1.1040000e-002  2.0541180e-002
  6.0198060e+000  1.2140000e-002  2.6867509e-002
  6.0258500e+000  1.2714000e-002  3.2035605e-002
  6.0318950e+000  1.6857000e-002  3.0430539e-002
  6.0379400e+000  1.0943000e-002  4.0114334e-002
  6.0439850e+000  0.0000000e+000  0.0000000e+000
  6.0500290e+000  0.0000000e+000  0.0000000e+000
  6.0560740e+000  0.0000000e+000  0.0000000e+000
  6.0621190e+000  0.0000000e+000  0.0000000e+000
  6.0681640e+000  0.0000000e+000  0.0000000e+000
  6.0742090e+000  0.0000000e+000  0.0000000e+000
  6.0802530e+000  0.0000000e+000  0.0000000e+000
  6.0862980e+000  0.0000000e+000  0.0000000e+000
  6.0923430e+000  0.0000000e+000  0.0000000e+000
  6.0983880e+000  0.0000000e+000  0.0000000e+000
  6.1044320e+000  0.0000000e+000  0.0000000e+000
  6.1104770e+000  0.0000000e+000  0.0000000e+000
  6.1165220e+000  0.0000000e+000  0.0000000e+000
  6.1225670e+000  0.0000000e+000  0.0000000e+000
  6.1286120e+000  0.0000000e+000  0.0000000e+000
  6.1346560e+000  0.0000000e+000  0.0000000e+000
  6.1407010e+000  0.0000000e+000  0.0000000e+000
  6.1467460e+000  0.0000000e+000  0.0000000e+000
  6.1527910e+000  0.0000000e+000  0.0000000e+000
  6.1588350e+000  0.0000000e+000  0.0000000e+000
  6.1648800e+000  0.0000000e+000  0.0000000e+000
  6.1709250e+000  0.0000000e+000  0.0000000e+000
  6.1769700e+000  0.0000000e+000  0.0000000e+000
  6.1830150e+000  0.0000000e+000  0.0000000e+000
  6.1890590e+000  0.0000000e+000  0.0000000e+000
  6.1951040e+000  0.0000000e+000  0.0000000e+000
  6.2011490e+000  0.0000000e+000  0.0000000e+000
  6.2071940e+000  0.0000000e+000  0.0000000e+000
  6.2132380e+000  0.0000000e+000  0.0000000e+000
  6.2192830e+000  0.0000000e+000  0.0000000e+000
  6.2253280e+000  0.0000000e+000  0.0000000e+000
  6.2313730e+000  0.0000000e+000  0.0000000e+000
  6.2374180e+000  0.0000000e+000  0.0000000e+000
  6.2434620e+000  0.0000000e+000  0.0000000e+000
  6.2495070e+000  0.0000000e+000  0.0000000e+000
  6.2555520e+000  0.0000000e+000  0.0000000e+000
  6.2615970e+000  0.0000000e+000  0.0000000e+000
  6.2676410e+000  0.0000000e+000  0.0000000e+000
  6.2736860e+000  0.0000000e+000  0.0000000e+000
  6.2797310e+000  0.0000000e+000  0.0000000e+000
  6.2857760e+000  0.0000000e+000  0.0000000e+000
  6.2918210e+000  0.0000000e+000  0.0000000e+000
  6.2978650e+000  0.0000000e+000  0.0000000e+000
  6.3039100e+000  0.0000000e+000  0.0000000e+000
  6.3099550e+000  0.0000000e+000  0.0000000e+000
  6.3160000e+000  0.0000000e+000  0.0000000e+000
  6.3220440e+000  0.0000000e+000  0.0000000e+000
  6.3280890e+000  0.0000000e+000  0.0000000e+000
  6.3341340e+000  0.0000000e+000  0.0000000e+000
  6.3401790e+000  0.0000000e+000  0.0000000e+000
  6.3462240e+000  0.0000000e+000  0.0000000e+000
  6.3522680e+000  0.0000000e+000  0.0000000e+000
  6.3583130e+000  0.0000000e+000  0.0000000e+000
  6.3643580e+000  0.0000000e+000  0.0000000e+000
  6.3704030e+000  0.0000000e+000  0.0000000e+000
  6.3764470e+000  0.0000000e+000  0.0000000e+000
  6.3824920e+000  0.0000000e+000  0.0000000e+000
  6.3885370e+000  0.0000000e+000  0.0000000e+000
  6.3945820e+000  0.0000000e+000  0.0000000e+000
  6.4006270e+000  0.0000000e+000  0.0000000e+000
  6.4066710e+000  0.0000000e+000  0.0000000e+000
  6.4127160e+000  0.0000000e+000  0.0000000e+000
  6.4187610e+000  0.0000000e+000  0.0000000e+000
  6.4248060e+000  0.0000000e+000  0.0000000e+000
  6.4308500e+000  0.0000000e+000  0.0000000e+000
  6.4368950e+000  0.0000000e+000  0.0000000e+000
  6.4429400e+000  0.0000000e+000  0.0000000e+000
  6.4489850e+000  0.0000000e+000  0.0000000e+000
  6.4550300e+000  0.0000000e+000  0.0000000e+000
  6.4610740e+000  0.0000000e+000  0.0000000e+000
  6.4671190e+000  0.0000000e+000  0.0000000e+000
  6.4731640e+000  0.0000000e+000  0.0000000e+000
  6.4792090e+000  0.0000000e+000  0.0000000e+000
  6.4852530e+000  0.0000000e+000  0.0000000e+000
  6.4912980e+000  0.0000000e+000  0.0000000e+000
  6.4973430e+000  0.0000000e+000  0.0000000e+000
  6.5033880e+000  0.0000000e+000  0.0000000e+000
  6.5094320e+000  0.0000000e+000  0.0000000e+000
  6.5154770e+000  0.0000000e+000  0.0000000e+000
  6.5215220e+000  0.0000000e+000  0.0000000e+000
  6.5275670e+000  0.0000000e+000  0.0000000e+000
  6.5336120e+000  0.0000000e+000  0.0000000e+000
  6.5396560e+000  0.0000000e+000  0.0000000e+000
  6.5457010e+000  0.0000000e+000  0.0000000e+000
  6.5517460e+000  0.0000000e+000  0.0000000e+000
  6.5577910e+000  0.0000000e+000  0.0000000e+000
  6.5638350e+000  0.0000000e+000  0.0000000e+000
  6.5698800e+000  0.0000000e+000  0.0000000e+000
  6.5759250e+000  0.0000000e+000  0.0000000e+000
  6.5819700e+000  0.0000000e+000  0.0000000e+000
  6.5880150e+000  0.0000000e+000  0.0000000e+000
  6.5940590e+000  0.0000000e+000  0.0000000e+000
  6.6001040e+000  0.0000000e+000  0.0000000e+000
  6.6061490e+000  0.0000000e+000  0.0000000e+000
  6.6121940e+000  0.0000000e+000  0.0000000e+000
  6.6182380e+000  0.0000000e+000  0.0000000e+000
  6.6242830e+000  0.0000000e+000  0.0000000e+000
  6.6303280e+000  0.0000000e+000  0.0000000e+000
  6.6363730e+000  0.0000000e+000  0.0000000e+000
  6.6424180e+000  0.0000000e+000  0.0000000e+000
  6.6484620e+000  0.0000000e+000  0.0000000e+000
  6.6545070e+000  0.0000000e+000  0.0000000e+000
  6.6605520e+000  0.0000000e+000  0.0000000e+000
  6.6665970e+000  0.0000000e+000  0.0000000e+000
  6.6726410e+000  0.0000000e+000  0.0000000e+000
  6.6786860e+000  0.0000000e+000  0.0000000e+000
  6.6847310e+000  0.0000000e+000  0.0000000e+000
  6.6907760e+000  0.0000000e+000  0.0000000e+000
  6.6968210e+000  0.0000000e+000  0.0000000e+000
  6.7028650e+000  0.0000000e+000  0.0000000e+000
  6.7089100e+000  0.0000000e+000  0.0000000e+000
  6.7149550e+000  0.0000000e+000  0.0000000e+000
  6.7210000e+000  0.0000000e+000  0.0000000e+000
  6.7270440e+000  0.0000000e+000  0.0000000e+000
  6.7330890e+000  0.0000000e+000  0.0000000e+000
  6.7391340e+000  0.0000000e+000  0.0000000e+000
  6.7451790e+000  0.0000000e+000  0.0000000e+000
  6.7512240e+000  0.0000000e+000  0.0000000e+000
  6.7572680e+000  0.0000000e+000  0.0000000e+000
  6.7633130e+000  0.0000000e+000  0.0000000e+000
  6.7693580e+000  0.0000000e+000  0.0000000e+000
  6.7754030e+000  0.0000000e+000  0.0000000e+000
  6.7814470e+000  0.0000000e+000  0.0000000e+000
  6.7874920e+000  0.0000000e+000  0.0000000e+000
  6.7935370e+000  0.0000000e+000  0.0000000e+000
  6.7995820e+000  0.0000000e+000  0.0000000e+000
  6.8056270e+000  0.0000000e+000  0.0000000e+000
  6.8116710e+000  0.0000000e+000  0.0000000e+000
  6.8177160e+000  0.0000000e+000  0.0000000e+000
  6.8237610e+000  0.0000000e+000  0.0000000e+000
  6.8298060e+000  0.0000000e+000  0.0000000e+000
  6.8358500e+000  0.0000000e+000  0.0000000e+000
  6.8418950e+000  0.0000000e+000  0.0000000e+000
  6.8479400e+000  0.0000000e+000  0.0000000e+000
  6.8539850e+000  0.0000000e+000  0.0000000e+000
  6.8600300e+000  0.0000000e+000  0.0000000e+000
  6.8660740e+000  0.0000000e+000  0.0000000e+000
  6.8721190e+000  0.0000000e+000  0.0000000e+000
  6.8781640e+000  0.0000000e+000  0.0000000e+000
  6.8842090e+000  0.0000000e+000  0.0000000e+000
  6.8902530e+000  0.0000000e+000  0.0000000e+000
  6.8962980e+000  0.0000000e+000  0.0000000e+000
  6.9023430e+000  0.0000000e+000  0.0000000e+000
  6.9083880e+000  0.0000000e+000  0.0000000e+000
  6.9144330e+000  0.0000000e+000  0.0000000e+000
  6.9204770e+000  0.0000000e+000  0.0000000e+000
  6.9265220e+000  0.0000000e+000  0.0000000e+000
  6.9325670e+000  0.0000000e+000  0.0000000e+000
  6.9386120e+000  0.0000000e+000  0.0000000e+000
  6.9446560e+000  0.0000000e+000  0.0000000e+000
  6.9507010e+000  0.0000000e+000  0.0000000e+000
  6.9567460e+000  0.0000000e+000  0.0000000e+000
  6.9627910e+000  0.0000000e+000  0.0000000e+000
  6.9688360e+000  0.0000000e+000  0.0000000e+000
  6.9748800e+000  0.0000000e+000  0.0000000e+000
  6.9809250e+000  0.0000000e+000  0.0000000e+000
  6.9869700e+000  0.0000000e+000  0.0000000e+000
  6.9930150e+000  0.0000000e+000  0.0000000e+000
  6.9990590e+000  0.0000000e+000  0.0000000e+000
  7.0051040e+000  0.0000000e+000  0.0000000e+000
  7.0111490e+000  0.0000000e+000  0.0000000e+000
  7.0171940e+000  0.0000000e+000  0.0000000e+000
  7.0232390e+000  0.0000000e+000  0.0000000e+000
  7.0292830e+000  0.0000000e+000  0.0000000e+000
  7.0353280e+000  0.0000000e+000  0.0000000e+000
  7.0413730e+000  0.0000000e+000  0.0000000e+000
  7.0474180e+000  0.0000000e+000  0.0000000e+000
  7.0534620e+000  0.0000000e+000  0.0000000e+000
  7.0595070e+000  0.0000000e+000  0.0000000e+000
  7.0655520e+000  0.0000000e+000  0.0000000e+000
  7.0715970e+000  0.0000000e+000  0.0000000e+000
  7.0776420e+000  0.0000000e+000  0.0000000e+000
  7.0836860e+000  0.0000000e+000  0.0000000e+000
  7.0897310e+000  0.0000000e+000  0.0000000e+000
  7.0957760e+000  0.0000000e+000  0.0000000e+000
  7.1018210e+000  0.0000000e+000  0.0000000e+000
  7.1078650e+000  0.0000000e+000  0.0000000e+000
  7.1139100e+000  0.0000000e+000  0.0000000e+000
  7.1199550e+000  0.0000000e+000  0.0000000e+000
  7.1260000e+000  0.0000000e+000  0.0000000e+000
  7.1320450e+000  0.0000000e+000  0.0000000e+000
  7.1380890e+000  0.0000000e+000  0.0000000e+000
  7.1441340e+000  0.0000000e+000  0.0000000e+000
  7.1501790e+000  0.0000000e+000  0.0000000e+000
  7.1562240e+000  0.0000000e+000  0.0000000e+000
  7.1622680e+000  0.0000000e+000  0.0000000e+000
  7.1683130e+000  0.0000000e+000  0.0000000e+000
  7.1743580e+000  0.0000000e+000  0.0000000e+000
  7.1804030e+000  0.0000000e+000  0.0000000e+000
  7.1864480e+000  0.0000000e+000  0.0000000e+000
  7.1924920e+000  0.0000000e+000  0.0000000e+000
  7.1985370e+000  0.0000000e+000  0.0000000e+000
  7.2045820e+000  0.0000000e+000  0.0000000e+000
  7.2106270e+000  0.0000000e+000  0.0000000e+000
  7.2166710e+000  0.0000000e+000  0.0000000e+000
  7.2227160e+000  0.0000000e+000  0.0000000e+000
  7.2287610e+000  0.0000000e+000  0.0000000e+000
  7.2348060e+000  0.0000000e+000  0.0000000e+000
  7.2408500e+000  0.0000000e+000  0.0000000e+000
  7.2468950e+000  0.0000000e+000  0.0000000e+000
  7.2529400e+000  0.0000000e+000  0.0000000e+000
  7.2589850e+000  0.0000000e+000  0.0000000e+000
  7.2650300e+000  0.0000000e+000  0.0000000e+000
  7.2710740e+000  0.0000000e+000  0.0000000e+000
  7.2771190e+000  0.0000000e+000  0.0000000e+000
  7.2831640e+000  0.0000000e+000  0.0000000e+000
  7.2892090e+000  0.0000000e+000  0.0000000e+000
  7.2952530e+000  0.0000000e+000  0.0000000e+000
  7.3012980e+000  0.0000000e+000  0.0000000e+000
  7.3073430e+000  0.0000000e+000  0.0000000e+000
  7.3133880e+000  0.0000000e+000  0.0000000e+000
  7.3194330e+000  0.0000000e+000  0.0000000e+000
  7.3254770e+000  0.0000000e+000  0.0000000e+000
  7.3315220e+000  0.0000000e+000  0.0000000e+000
  7.3375670e+000  0.0000000e+000  0.0000000e+000
  7.3436120e+000  0.0000000e+000  0.0000000e+000
  7.3496560e+000  0.0000000e+000  0.0000000e+000
  7.3557010e+000  0.0000000e+000  0.0000000e+000
  7.3617460e+000  0.0000000e+000  0.0000000e+000
  7.3677910e+000  0.0000000e+000  0.0000000e+000
  7.3738360e+000  0.0000000e+000  0.0000000e+000
  7.3798800e+000  0.0000000e+000  0.0000000e+000
  7.3859250e+000  0.0000000e+000  0.0000000e+000
  7.3919700e+000  0.0000000e+000  0.0000000e+000
  7.3980150e+000  0.0000000e+000  0.0000000e+000
  7.4040590e+000  0.0000000e+000  0.0000000e+000
  7.4101040e+000  0.0000000e+000  0.0000000e+000
  7.4161490e+000  0.0000000e+000  0.0000000e+000
  7.4221940e+000  0.0000000e+000  0.0000000e+000
  7.4282390e+000  0.0000000e+000  0.0000000e+000
  7.4342830e+000  0.0000000e+000  0.0000000e+000
  7.4403280e+000  0.0000000e+000  0.0000000e+000
  7.4463730e+000  0.0000000e+000  0.0000000e+000
  7.4524180e+000  0.0000000e+000  0.0000000e+000
  7.4584620e+000  0.0000000e+000  0.0000000e+000
  7.4645070e+000  0.0000000e+000  0.0000000e+000
  7.4705520e+000  0.0000000e+000  0.0000000e+000
  7.4765970e+000  0.0000000e+000  0.0000000e+000
  7.4826420e+000  0.0000000e+000  0.0000000e+000
  7.4886860e+000  0.0000000e+000  0.0000000e+000
  7.4947310e+000  0.0000000e+000  0.0000000e+000
  7.5007760e+000  0.0000000e+000  0.0000000e+000
  7.5068210e+000  0.0000000e+000  0.0000000e+000
  7.5128650e+000  0.0000000e+000  0.0000000e+000
  7.5189100e+000  0.0000000e+000  0.0000000e+000
  7.5249550e+000  0.0000000e+000  0.0000000e+000
  7.5310000e+000  0.0000000e+000  0.0000000e+000
  7.5370450e+000  0.0000000e+000  0.0000000e+000
  7.5430890e+000  0.0000000e+000  0.0000000e+000
  7.5491340e+000  0.0000000e+000  0.0000000e+000
  7.5551790e+000  0.0000000e+000  0.0000000e+000
  7.5612240e+000  0.0000000e+000  0.0000000e+000
  7.5672680e+000  0.0000000e+000  0.0000000e+000
  7.5733130e+000  0.0000000e+000  0.0000000e+000
  7.5793580e+000  0.0000000e+000  0.0000000e+000
  7.5854030e+000  0.0000000e+000  0.0000000e+000
  7.5914480e+000  0.0000000e+000  0.0000000e+000
  7.5974920e+000  0.0000000e+000  0.0000000e+000
  7.6035370e+000  0.0000000e+000  0.0000000e+000
  7.6095820e+000  0.0000000e+000  0.0000000e+000
  7.6156270e+000  0.0000000e+000  0.0000000e+000
  7.6216710e+000  0.0000000e+000  0.0000000e+000
  7.6277160e+000  0.0000000e+000  0.0000000e+000
  7.6337610e+000  0.0000000e+000  0.0000000e+000
  7.6398060e+000  0.0000000e+000  0.0000000e+000
  7.6458510e+000  0.0000000e+000  0.0000000e+000
  7.6518950e+000  0.0000000e+000  0.0000000e+000
  7.6579400e+000  0.0000000e+000  0.0000000e+000
  7.6639850e+000  0.0000000e+000  0.0000000e+000
  7.6700300e+000  0.0000000e+000  0.0000000e+000
  7.6760740e+000  0.0000000e+000  0.0000000e+000
  7.6821190e+000  0.0000000e+000  0.0000000e+000
  7.6881640e+000  0.0000000e+000  0.0000000e+000
  7.6942090e+000  0.0000000e+000  0.0000000e+000
  7.7002540e+000  0.0000000e+000  0.0000000e+000
  7.7062980e+000  0.0000000e+000  0.0000000e+000
  7.7123430e+000  0.0000000e+000  0.0000000e+000
  7.7183880e+000  0.0000000e+000  0.0000000e+000
  7.7244330e+000  0.0000000e+000  0.0000000e+000
  7.7304770e+000  0.0000000e+000  0.0000000e+000
  7.7365220e+000  0.0000000e+000  0.0000000e+000
  7.7425670e+000  0.0000000e+000  0.0000000e+000
  7.7486120e+000  0.0000000e+000  0.0000000e+000
  7.7546570e+000  0.0000000e+000  0.0000000e+000
  7.7607010e+000  0.0000000e+000  0.0000000e+000
  7.7667460e+000  0.0000000e+000  0.0000000e+000
  7.7727910e+000  0.0000000e+000  0.0000000e+000
  7.7788360e+000  0.0000000e+000  0.0000000e+000
  7.7848800e+000  0.0000000e+000  0.0000000e+000
  7.7909250e+000  0.0000000e+000  0.0000000e+000
  7.7969700e+000  0.0000000e+000  0.0000000e+000
  7.8030150e+000  0.0000000e+000  0.0000000e+000
  7.8090600e+000  0.0000000e+000  0.0000000e+000
  7.8151040e+000  0.0000000e+000  0.0000000e+000
  7.8211490e+000  0.0000000e+000  0.0000000e+000
  7.8271940e+000  0.0000000e+000  0.0000000e+000
  7.8332390e+000  0.0000000e+000  0.0000000e+000
  7.8392830e+000  0.0000000e+000  0.0000000e+000
  7.8453280e+000  0.0000000e+000  0.0000000e+000
  7.8513730e+000  0.0000000e+000  0.0000000e+000
  7.8574180e+000  0.0000000e+000  0.0000000e+000
  7.8634630e+000  0.0000000e+000  0.0000000e+000
  7.8695070e+000  0.0000000e+000  0.0000000e+000
  7.8755520e+000  0.0000000e+000  0.0000000e+000
  7.8815970e+000  0.0000000e+000  0.0000000e+000
  7.8876420e+000  0.0000000e+000  0.0000000e+000
  7.8936860e+000  0.0000000e+000  0.0000000e+000
  7.8997310e+000  0.0000000e+000  0.0000000e+000
  7.9057760e+000  0.0000000e+000  0.0000000e+000
  7.9118210e+000  0.0000000e+000  0.0000000e+000
  7.9178650e+000  0.0000000e+000  0.0000000e+000
  7.9239100e+000  0.0000000e+000  0.0000000e+000
  7.9299550e+000  0.0000000e+000  0.0000000e+000
  7.9360000e+000  0.0000000e+000  0.0000000e+000
  7.9420450e+000  0.0000000e+000  0.0000000e+000
  7.9480890e+000  0.0000000e+000  0.0000000e+000
  7.9541340e+000  0.0000000e+000  0.0000000e+000
  7.9601790e+000  0.0000000e+000  0.0000000e+000
  7.9662240e+000  0.0000000e+000  0.0000000e+000
  7.9722680e+000  0.0000000e+000  0.0000000e+000
  7.9783130e+000  0.0000000e+000  0.0000000e+000
  7.9843580e+000  0.0000000e+000  0.0000000e+000
  7.9904030e+000  0.0000000e+000  0.0000000e+000
  7.9964480e+000  0.0000000e+000  0.0000000e+000
  8.0024920e+000  0.0000000e+000  0.0000000e+000
  8.0085370e+000  0.0000000e+000  0.0000000e+000
  8.0145820e+000  0.0000000e+000  0.0000000e+000
  8.0206270e+000  0.0000000e+000  0.0000000e+000
  8.0266710e+000  0.0000000e+000  0.0000000e+000
  8.0327160e+000  0.0000000e+000  0.0000000e+000
  8.0387610e+000  0.0000000e+000  0.0000000e+000
  8.0448060e+000  0.0000000e+000  0.0000000e+000
  8.0508510e+000  0.0000000e+000  0.0000000e+000
  8.0568950e+000  0.0000000e+000  0.0000000e+000
  8.0629400e+000  0.0000000e+000  0.0000000e+000
  8.0689850e+000  0.0000000e+000  0.0000000e+000
  8.0750300e+000  0.0000000e+000  0.0000000e+000
  8.0810740e+000  0.0000000e+000  0.0000000e+000
  8.0871190e+000  0.0000000e+000  0.0000000e+000
  8.0931640e+000  0.0000000e+000  0.0000000e+000
  8.0992090e+000  0.0000000e+000  0.0000000e+000
  8.1052540e+000  0.0000000e+000  0.0000000e+000
  8.1112980e+000  0.0000000e+000  0.0000000e+000
  8.1173430e+000  0.0000000e+000  0.0000000e+000
  8.1233880e+000  0.0000000e+000  0.0000000e+000
  8.1294330e+000  0.0000000e+000  0.0000000e+000
  8.1354770e+000  0.0000000e+000  0.0000000e+000
  8.1415220e+000  0.0000000e+000  0.0000000e+000
  8.1475670e+000  0.0000000e+000  0.0000000e+000
  8.1536120e+000  0.0000000e+000  0.0000000e+000
  8.1596570e+000  0.0000000e+000  0.0000000e+000
  8.1657010e+000  0.0000000e+000  0.0000000e+000
  8.1717460e+000  0.0000000e+000  0.0000000e+000
  8.1777910e+000  0.0000000e+000  0.0000000e+000
  8.1838360e+000  0.0000000e+000  0.0000000e+000
  8.1898800e+000  0.0000000e+000  0.0000000e+000
  8.1959250e+000  0.0000000e+000  0.0000000e+000
  8.2019700e+000  0.0000000e+000  0.0000000e+000
  8.2080150e+000  0.0000000e+000  0.0000000e+000
  8.2140600e+000  0.0000000e+000  0.0000000e+000
  8.2201040e+000  0.0000000e+000  0.0000000e+000
  8.2261490e+000  0.0000000e+000  0.0000000e+000
  8.2321940e+000  0.0000000e+000  0.0000000e+000
  8.2382390e+000  0.0000000e+000  0.0000000e+000
  8.2442830e+000  0.0000000e+000  0.0000000e+000
  8.2503280e+000  0.0000000e+000  0.0000000e+000
  8.2563730e+000  0.0000000e+000  0.0000000e+000
  8.2624180e+000  0.0000000e+000  0.0000000e+000
  8.2684630e+000  0.0000000e+000  0.0000000e+000
  8.2745070e+000  0.0000000e+000  0.0000000e+000
  8.2805520e+000  0.0000000e+000  0.0000000e+000
  8.2865970e+000  0.0000000e+000  0.0000000e+000
  8.2926420e+000  0.0000000e+000  0.0000000e+000
  8.2986860e+000  0.0000000e+000  0.0000000e+000
  8.3047310e+000  0.0000000e+000  0.0000000e+000
  8.3107760e+000  0.0000000e+000  0.0000000e+000
  8.3168210e+000  0.0000000e+000  0.0000000e+000
  8.3228660e+000  0.0000000e+000  0.0000000e+000
  8.3289100e+000  0.0000000e+000  0.0000000e+000
  8.3349550e+000  0.0000000e+000  0.0000000e+000
  8.3410000e+000  0.0000000e+000  0.0000000e+000
  8.3470450e+000  0.0000000e+000  0.0000000e+000
  8.3530890e+000  0.0000000e+000  0.0000000e+000
  8.3591340e+000  0.0000000e+000  0.0000000e+000
  8.3651790e+000  0.0000000e+000  0.0000000e+000
  8.3712240e+000  0.0000000e+000  0.0000000e+000
  8.3772690e+000  0.0000000e+000  0.0000000e+000
  8.3833130e+000  0.0000000e+000  0.0000000e+000
  8.3893580e+000  0.0000000e+000  0.0000000e+000
  8.3954030e+000  0.0000000e+000  0.0000000e+000
  8.4014480e+000  0.0000000e+000  0.0000000e+000
  8.4074920e+000  0.0000000e+000  0.0000000e+000
  8.4135370e+000  0.0000000e+000  0.0000000e+000
  8.4195820e+000  0.0000000e+000  0.0000000e+000
  8.4256270e+000  0.0000000e+000  0.0000000e+000
  8.4316720e+000  0.0000000e+000  0.0000000e+000
  8.4377160e+000  0.0000000e+000  0.0000000e+000
  8.4437610e+000  0.0000000e+000  0.0000000e+000
  8.4498060e+000  0.0000000e+000  0.0000000e+000
  8.4558510e+000  0.0000000e+000  0.0000000e+000
  8.4618950e+000  0.0000000e+000  0.0000000e+000
  8.4679400e+000  0.0000000e+000  0.0000000e+000
  8.4739850e+000  0.0000000e+000  0.0000000e+000
  8.4800300e+000  0.0000000e+000  0.0000000e+000
  8.4860750e+000  0.0000000e+000  0.0000000e+000
  8.4921190e+000  0.0000000e+000  0.0000000e+000
  8.4981640e+000  0.0000000e+000  0.0000000e+000
