# Q / Ang^(-1)		D_S/D_T			D_S/D_rho
  5.2530000e-003  0.0000000e+000  0.0000000e+000
  1.1297000e-002  0.0000000e+000  0.0000000e+000
  1.7342000e-002  0.0000000e+000  0.0000000e+000
  2.3387000e-002  0.0000000e+000  0.0000000e+000
  2.9432000e-002  0.0000000e+000  0.0000000e+000
  3.5477000e-002  0.0000000e+000  0.0000000e+000
  4.1521000e-002  0.0000000e+000  0.0000000e+000
  4.7566000e-002  0.0000000e+000  0.0000000e+000
  5.3611000e-002  0.0000000e+000  0.0000000e+000
  5.9656000e-002  0.0000000e+000  0.0000000e+000
  6.5700000e-002  0.0000000e+000  0.0000000e+000
  7.1745000e-002  0.0000000e+000  0.0000000e+000
  7.7790000e-002  0.0000000e+000  0.0000000e+000
  8.3835000e-002  0.0000000e+000  0.0000000e+000
  8.9880000e-002  0.0000000e+000  0.0000000e+000
  9.5924000e-002  0.0000000e+000  0.0000000e+000
  1.0196900e-001  0.0000000e+000  0.0000000e+000
  1.0801400e-001  0.0000000e+000  0.0000000e+000
  1.1405900e-001  0.0000000e+000  0.0000000e+000
  1.2010300e-001  0.0000000e+000  0.0000000e+000
  1.2614800e-001  0.0000000e+000  0.0000000e+000
  1.3219300e-001  0.0000000e+000  0.0000000e+000
  1.3823800e-001  0.0000000e+000  0.0000000e+000
  1.4428300e-001  0.0000000e+000  0.0000000e+000
  1.5032700e-001  0.0000000e+000  0.0000000e+000
  1.5637200e-001  0.0000000e+000  0.0000000e+000
  1.6241700e-001  0.0000000e+000  0.0000000e+000
  1.6846200e-001  0.0000000e+000  0.0000000e+000
  1.7450600e-001  0.0000000e+000  0.0000000e+000
  1.8055100e-001  0.0000000e+000  0.0000000e+000
  1.8659600e-001  0.0000000e+000  0.0000000e+000
  1.9264100e-001  0.0000000e+000  0.0000000e+000
  1.9868500e-001  0.0000000e+000  0.0000000e+000
  2.0473000e-001  0.0000000e+000  0.0000000e+000
  2.1077500e-001  0.0000000e+000  0.0000000e+000
  2.1682000e-001  0.0000000e+000  0.0000000e+000
  2.2286500e-001  0.0000000e+000  0.0000000e+000
  2.2890900e-001  0.0000000e+000  0.0000000e+000
  2.3495400e-001  0.0000000e+000  0.0000000e+000
  2.4099900e-001  0.0000000e+000  0.0000000e+000
  2.4704400e-001  0.0000000e+000  0.0000000e+000
  2.5308800e-001  0.0000000e+000  0.0000000e+000
  2.5913300e-001  0.0000000e+000  0.0000000e+000
  2.6517800e-001  0.0000000e+000  0.0000000e+000
  2.7122300e-001  0.0000000e+000  0.0000000e+000
  2.7726800e-001  0.0000000e+000  0.0000000e+000
  2.8331200e-001  0.0000000e+000  0.0000000e+000
  2.8935700e-001  0.0000000e+000  0.0000000e+000
  2.9540200e-001  0.0000000e+000  0.0000000e+000
  3.0144700e-001  0.0000000e+000  0.0000000e+000
  3.0749100e-001  0.0000000e+000  0.0000000e+000
  3.1353600e-001  0.0000000e+000  0.0000000e+000
  3.1958100e-001  0.0000000e+000  0.0000000e+000
  3.2562600e-001  0.0000000e+000  0.0000000e+000
  3.3167100e-001  0.0000000e+000  0.0000000e+000
  3.3771500e-001  0.0000000e+000  0.0000000e+000
  3.4376000e-001  0.0000000e+000  0.0000000e+000
  3.4980500e-001  0.0000000e+000  0.0000000e+000
  3.5585000e-001  0.0000000e+000  0.0000000e+000
  3.6189400e-001  0.0000000e+000  0.0000000e+000
  3.6793900e-001 -8.6960000e-002  6.5832952e-001
  3.7398400e-001 -8.2128000e-002  6.3028432e-001
  3.8002900e-001 -4.5946000e-002  6.1645276e-001
  3.8607400e-001 -4.2161000e-002  6.0514076e-001
  3.9211800e-001 -3.5533000e-002  5.9398178e-001
  3.9816300e-001 -1.9354000e-002  5.9723062e-001
  4.0420800e-001 -4.6564000e-002  5.9300032e-001
  4.1025300e-001 -5.6019000e-002  6.0848023e-001
  4.1629700e-001 -7.9555000e-002  6.0822739e-001
  4.2234200e-001 -5.3411000e-002  6.0592357e-001
  4.2838700e-001 -4.8620000e-002  5.9739836e-001
  4.3443200e-001 -2.9983000e-002  5.8342623e-001
  4.4047700e-001 -2.5186000e-002  5.8889276e-001
  4.4652100e-001 -1.4172000e-002  5.7095214e-001
  4.5256600e-001 -1.3418000e-002  5.7868718e-001
  4.5861100e-001 -2.3422000e-002  5.9641907e-001
  4.6465600e-001 -2.6514000e-002  5.8599866e-001
  4.7070000e-001 -2.4652000e-002  6.0128494e-001
  4.7674500e-001 -1.9197000e-002  5.8136778e-001
  4.8279000e-001 -1.5319000e-002  5.8417514e-001
  4.8883500e-001 -1.2111000e-002  5.7474071e-001
  4.9488000e-001 -1.2856000e-002  5.7414178e-001
  5.0092400e-001 -1.3490000e-003  5.6126734e-001
  5.0696900e-001 -1.9906000e-002  5.7125124e-001
  5.1301400e-001 -7.7710000e-003  5.6558446e-001
  5.1905900e-001 -1.0319000e-002  5.6573045e-001
  5.2510300e-001 -5.4310000e-003  5.7539108e-001
  5.3114800e-001 -3.7880000e-003  5.6561263e-001
  5.3719300e-001 -5.4120000e-003  5.7616140e-001
  5.4323800e-001 -1.0060000e-003  5.7015321e-001
  5.4928300e-001  1.1668000e-002  5.6356221e-001
  5.5532700e-001  8.7840000e-003  5.6348919e-001
  5.6137200e-001 -3.7260000e-003  5.6424520e-001
  5.6741700e-001 -5.7320000e-003  5.7151534e-001
  5.7346200e-001 -7.9300000e-003  5.7063505e-001
  5.7950600e-001  1.3662000e-002  5.6211961e-001
  5.8555100e-001  1.5831000e-002  5.6348936e-001
  5.9159600e-001  2.1435000e-002  5.5866939e-001
  5.9764100e-001  1.4310000e-002  5.5496670e-001
  6.0368600e-001  1.7137000e-002  5.6109877e-001
  6.0973000e-001  4.8650000e-003  5.6345383e-001
  6.1577500e-001  1.0662000e-002  5.6522242e-001
  6.2182000e-001  7.6630000e-003  5.7266936e-001
  6.2786500e-001  1.7056000e-002  5.5846088e-001
  6.3390900e-001  2.5556000e-002  5.5939641e-001
  6.3995400e-001  1.4143000e-002  5.6456632e-001
  6.4599900e-001  2.2820000e-002  5.6069045e-001
  6.5204400e-001  3.1232000e-002  5.6256523e-001
  6.5808900e-001  3.0028000e-002  5.6575627e-001
  6.6413300e-001  2.9824000e-002  5.6354137e-001
  6.7017800e-001  2.5652000e-002  5.7307812e-001
  6.7622300e-001  2.3252000e-002  5.6869218e-001
  6.8226800e-001  3.4628000e-002  5.7581775e-001
  6.8831200e-001  1.6862000e-002  5.7209420e-001
  6.9435700e-001  2.3400000e-002  5.7363024e-001
  7.0040200e-001  2.1957000e-002  5.6955711e-001
  7.0644700e-001  2.4822000e-002  5.7601881e-001
  7.1249200e-001  3.0987000e-002  5.6729032e-001
  7.1853600e-001  2.3010000e-002  5.6310464e-001
  7.2458100e-001  2.6305000e-002  5.7011283e-001
  7.3062600e-001  2.6902000e-002  5.6368470e-001
  7.3667100e-001  3.6862000e-002  5.6505143e-001
  7.4271500e-001  3.8893000e-002  5.8003934e-001
  7.4876000e-001  3.4031000e-002  5.7293088e-001
  7.5480500e-001  5.1135000e-002  5.8717262e-001
  7.6085000e-001  5.0700000e-002  5.8802752e-001
  7.6689500e-001  5.7142000e-002  5.8647084e-001
  7.7293900e-001  5.1762000e-002  5.9305415e-001
  7.7898400e-001  4.9710000e-002  5.8273668e-001
  7.8502900e-001  5.9459000e-002  5.9259966e-001
  7.9107400e-001  5.5161000e-002  5.8914104e-001
  7.9711800e-001  4.5842000e-002  5.9820955e-001
  8.0316300e-001  3.8267000e-002  5.9522593e-001
  8.0920800e-001  3.3834000e-002  5.9992283e-001
  8.1525300e-001  2.7844000e-002  6.0777468e-001
  8.2129800e-001  3.4898000e-002  6.0639271e-001
  8.2734200e-001  4.2258000e-002  6.0066208e-001
  8.3338700e-001  4.9273000e-002  6.0510234e-001
  8.3943200e-001  5.4109000e-002  6.0871763e-001
  8.4547700e-001  5.6619000e-002  6.1906601e-001
  8.5152100e-001  5.8079000e-002  6.3238222e-001
  8.5756600e-001  6.1907000e-002  6.2605447e-001
  8.6361100e-001  5.4462000e-002  6.3601572e-001
  8.6965600e-001  4.9848000e-002  6.3542853e-001
  8.7570100e-001  4.4122000e-002  6.4188060e-001
  8.8174500e-001  4.1945000e-002  6.4263987e-001
  8.8779000e-001  4.0474000e-002  6.4955032e-001
  8.9383500e-001  5.7209000e-002  6.4899702e-001
  8.9988000e-001  5.0496000e-002  6.4904262e-001
  9.0592400e-001  5.2350000e-002  6.4997193e-001
  9.1196900e-001  5.3539000e-002  6.5871306e-001
  9.1801400e-001  5.2758000e-002  6.6282373e-001
  9.2405900e-001  6.1289000e-002  6.6988603e-001
  9.3010300e-001  6.7009000e-002  6.7273623e-001
  9.3614800e-001  7.0126000e-002  6.7245869e-001
  9.4219300e-001  7.4780000e-002  6.7027077e-001
  9.4823800e-001  7.5755000e-002  6.8789878e-001
  9.5428300e-001  8.6268000e-002  6.8935501e-001
  9.6032700e-001  7.9776000e-002  6.9709359e-001
  9.6637200e-001  7.5818000e-002  7.0730547e-001
  9.7241700e-001  7.8061000e-002  7.1035925e-001
  9.7846200e-001  8.2467000e-002  7.1525105e-001
  9.8450600e-001  8.4427000e-002  7.2264530e-001
  9.9055100e-001  9.1790000e-002  7.3226903e-001
  9.9659600e-001  9.4752000e-002  7.3658358e-001
  1.0026410e+000  8.6751000e-002  7.4401397e-001
  1.0086860e+000  9.0992000e-002  7.4577963e-001
  1.0147300e+000  7.9756000e-002  7.6067915e-001
  1.0207750e+000  9.1526000e-002  7.5865981e-001
  1.0268200e+000  8.0814000e-002  7.8113329e-001
  1.0328650e+000  8.6133000e-002  7.7915353e-001
  1.0389090e+000  9.5996000e-002  7.8060743e-001
  1.0449540e+000  9.7895000e-002  7.8651622e-001
  1.0509990e+000  9.8600000e-002  7.9484927e-001
  1.0570440e+000  1.0144300e-001  8.0837830e-001
  1.0630890e+000  1.0206600e-001  8.0619734e-001
  1.0691330e+000  1.0900200e-001  8.1374396e-001
  1.0751780e+000  1.1712800e-001  8.2196483e-001
  1.0812230e+000  1.0663300e-001  8.4827380e-001
  1.0872680e+000  1.2042700e-001  8.5206951e-001
  1.0933120e+000  9.6938000e-002  8.6789241e-001
  1.0993570e+000  1.1004300e-001  8.6581703e-001
  1.1054020e+000  1.1645600e-001  8.6986281e-001
  1.1114470e+000  1.2262200e-001  8.6469544e-001
  1.1174920e+000  1.3355100e-001  8.7590145e-001
  1.1235360e+000  1.2961000e-001  8.8647140e-001
  1.1295810e+000  1.4587800e-001  9.0051310e-001
  1.1356260e+000  1.4650900e-001  9.0346012e-001
  1.1416710e+000  1.5121400e-001  9.1871042e-001
  1.1477150e+000  1.5423500e-001  9.3158317e-001
  1.1537600e+000  1.5470000e-001  9.3738393e-001
  1.1598050e+000  1.5369400e-001  9.3860914e-001
  1.1658500e+000  1.6110900e-001  9.5017622e-001
  1.1718950e+000  1.4890300e-001  9.6077834e-001
  1.1779390e+000  1.6408000e-001  9.6906687e-001
  1.1839840e+000  1.6652600e-001  9.7925643e-001
  1.1900290e+000  1.7120600e-001  9.9764568e-001
  1.1960740e+000  1.7958300e-001  1.0044042e+000
  1.2021180e+000  1.6473600e-001  1.0215489e+000
  1.2081630e+000  1.7024700e-001  1.0271706e+000
  1.2142080e+000  1.7309500e-001  1.0350033e+000
  1.2202530e+000  1.6381000e-001  1.0425729e+000
  1.2262980e+000  1.6594300e-001  1.0600793e+000
  1.2323420e+000  1.6308500e-001  1.0655844e+000
  1.2383870e+000  1.8014900e-001  1.0643053e+000
  1.2444320e+000  1.6979000e-001  1.0800218e+000
  1.2504770e+000  1.8249600e-001  1.0807418e+000
  1.2565210e+000  1.8078900e-001  1.0854004e+000
  1.2625660e+000  1.8536000e-001  1.1017173e+000
  1.2686110e+000  1.8286200e-001  1.1074964e+000
  1.2746560e+000  1.8516300e-001  1.1156363e+000
  1.2807010e+000  1.9267700e-001  1.1234285e+000
  1.2867450e+000  1.9393500e-001  1.1209160e+000
  1.2927900e+000  2.1364800e-001  1.1284592e+000
  1.2988350e+000  2.0657800e-001  1.1427492e+000
  1.3048800e+000  2.1722700e-001  1.1348701e+000
  1.3109240e+000  1.9974100e-001  1.1617637e+000
  1.3169690e+000  2.0117900e-001  1.1675492e+000
  1.3230140e+000  1.8952500e-001  1.1681417e+000
  1.3290590e+000  1.8124700e-001  1.1880033e+000
  1.3351040e+000  1.8567500e-001  1.1835268e+000
  1.3411480e+000  1.9797900e-001  1.1776646e+000
  1.3471930e+000  1.8669300e-001  1.1729220e+000
  1.3532380e+000  1.9450400e-001  1.1581095e+000
  1.3592830e+000  1.9312900e-001  1.1522426e+000
  1.3653270e+000  2.0583400e-001  1.1328494e+000
  1.3713720e+000  2.0104700e-001  1.1244851e+000
  1.3774170e+000  1.9769800e-001  1.1037303e+000
  1.3834620e+000  1.9858600e-001  1.0868637e+000
  1.3895070e+000  1.7880000e-001  1.0656666e+000
  1.3955510e+000  1.7260400e-001  1.0684963e+000
  1.4015960e+000  1.6251900e-001  1.0480023e+000
  1.4076410e+000  1.4986200e-001  1.0394684e+000
  1.4136860e+000  1.4403000e-001  1.0290965e+000
  1.4197300e+000  1.3963600e-001  1.0028462e+000
  1.4257750e+000  1.4083200e-001  9.7373818e-001
  1.4318200e+000  1.2433600e-001  9.4784465e-001
  1.4378650e+000  1.2237800e-001  9.3017766e-001
  1.4439100e+000  1.0792500e-001  9.0158350e-001
  1.4499540e+000  9.5555000e-002  8.7330760e-001
  1.4559990e+000  7.1617000e-002  8.4039369e-001
  1.4620440e+000  4.4157000e-002  8.2478987e-001
  1.4680890e+000  2.7405000e-002  7.8674010e-001
  1.4741330e+000  8.8720000e-003  7.5253993e-001
  1.4801780e+000 -6.5540000e-003  7.2807701e-001
  1.4862230e+000 -2.8947000e-002  6.8142168e-001
  1.4922680e+000 -3.4054000e-002  6.3428131e-001
  1.4983130e+000 -6.3574000e-002  5.9410106e-001
  1.5043570e+000 -7.2745000e-002  5.5243363e-001
  1.5104020e+000 -8.2339000e-002  4.9819657e-001
  1.5164470e+000 -1.0701200e-001  4.6044794e-001
  1.5224920e+000 -1.3663700e-001  4.1125387e-001
  1.5285360e+000 -1.4125300e-001  3.5593443e-001
  1.5345810e+000 -1.7783200e-001  3.1252354e-001
  1.5406260e+000 -1.9127000e-001  2.6326528e-001
  1.5466710e+000 -2.0005200e-001  2.1941133e-001
  1.5527160e+000 -2.1596500e-001  1.8120697e-001
  1.5587600e+000 -2.3967400e-001  1.5197001e-001
  1.5648050e+000 -2.3524300e-001  8.6317862e-002
  1.5708500e+000 -2.6224600e-001  8.0356832e-002
  1.5768950e+000 -2.6004700e-001  2.4960246e-002
  1.5829390e+000 -2.7584800e-001 -2.1224496e-003
  1.5889840e+000 -2.9912100e-001 -4.9730189e-002
  1.5950290e+000 -3.0269800e-001 -8.8322804e-002
  1.6010740e+000 -3.0438200e-001 -1.3371136e-001
  1.6071180e+000 -3.1314100e-001 -1.6472749e-001
  1.6131630e+000 -3.3369200e-001 -1.9836998e-001
  1.6192080e+000 -3.3123000e-001 -2.2902147e-001
  1.6252530e+000 -3.2557800e-001 -2.6759557e-001
  1.6312980e+000 -3.3262900e-001 -2.8728823e-001
  1.6373420e+000 -3.3326100e-001 -3.0487337e-001
  1.6433870e+000 -3.3787300e-001 -3.2222032e-001
  1.6494320e+000 -3.3017100e-001 -3.4354820e-001
  1.6554770e+000 -3.4668300e-001 -3.7183568e-001
  1.6615210e+000 -3.4285000e-001 -4.0389582e-001
  1.6675660e+000 -3.5204800e-001 -4.0591754e-001
  1.6736110e+000 -3.5779000e-001 -4.2105642e-001
  1.6796560e+000 -3.4820300e-001 -4.3169822e-001
  1.6857010e+000 -3.4181800e-001 -4.4239185e-001
  1.6917450e+000 -3.3095600e-001 -4.5696302e-001
  1.6977900e+000 -3.3111000e-001 -4.6030982e-001
  1.7038350e+000 -3.2340100e-001 -4.8867385e-001
  1.7098800e+000 -3.2570600e-001 -4.7460420e-001
  1.7159240e+000 -3.0134900e-001 -4.9027814e-001
  1.7219690e+000 -3.1650700e-001 -4.7226235e-001
  1.7280140e+000 -2.9522400e-001 -4.7700452e-001
  1.7340590e+000 -2.9821700e-001 -4.8063385e-001
  1.7401040e+000 -2.8539100e-001 -4.8639828e-001
  1.7461480e+000 -2.5846300e-001 -4.9022841e-001
  1.7521930e+000 -2.5596700e-001 -4.8654274e-001
  1.7582380e+000 -2.4129200e-001 -4.8679049e-001
  1.7642830e+000 -2.3983700e-001 -4.8155989e-001
  1.7703270e+000 -2.3160600e-001 -4.7573320e-001
  1.7763720e+000 -2.2529200e-001 -4.8177450e-001
  1.7824170e+000 -2.3172800e-001 -4.7265509e-001
  1.7884620e+000 -2.0730700e-001 -4.8885923e-001
  1.7945070e+000 -2.1279800e-001 -4.7866247e-001
  1.8005510e+000 -1.9414400e-001 -4.8308953e-001
  1.8065960e+000 -1.9520600e-001 -4.6557016e-001
  1.8126410e+000 -1.8773700e-001 -4.5349648e-001
  1.8186860e+000 -1.7715500e-001 -4.4946882e-001
  1.8247300e+000 -1.7570400e-001 -4.5367371e-001
  1.8307750e+000 -1.7515500e-001 -4.3638970e-001
  1.8368200e+000 -1.6213000e-001 -4.3385685e-001
  1.8428650e+000 -1.4156700e-001 -4.3140290e-001
  1.8489100e+000 -1.2981400e-001 -4.2201931e-001
  1.8549540e+000 -1.1199900e-001 -4.2283678e-001
  1.8609990e+000 -1.2393100e-001 -4.1134122e-001
  1.8670440e+000 -1.2488000e-001 -3.9778605e-001
  1.8730890e+000 -1.1583400e-001 -3.9850888e-001
  1.8791330e+000 -1.0884800e-001 -3.9381016e-001
  1.8851780e+000 -1.0775700e-001 -3.8424499e-001
  1.8912230e+000 -9.7551000e-002 -3.8247023e-001
  1.8972680e+000 -1.0308900e-001 -3.6580821e-001
  1.9033130e+000 -9.7447000e-002 -3.6253954e-001
  1.9093570e+000 -8.8494000e-002 -3.5807272e-001
  1.9154020e+000 -8.1550000e-002 -3.4234912e-001
  1.9214470e+000 -7.5267000e-002 -3.4465821e-001
  1.9274920e+000 -6.4245000e-002 -3.4643285e-001
  1.9335360e+000 -7.3479000e-002 -3.3698996e-001
  1.9395810e+000 -5.3721000e-002 -3.3571927e-001
  1.9456260e+000 -5.8638000e-002 -3.3058645e-001
  1.9516710e+000 -6.2567000e-002 -3.0931203e-001
  1.9577160e+000 -6.3669000e-002 -3.1047354e-001
  1.9637600e+000 -5.7000000e-002 -3.1502751e-001
  1.9698050e+000 -5.2014000e-002 -3.1311291e-001
  1.9758500e+000 -4.1463000e-002 -3.2160104e-001
  1.9818950e+000 -4.5776000e-002 -3.0714149e-001
  1.9879390e+000 -4.1358000e-002 -2.9050022e-001
  1.9939840e+000 -3.5248000e-002 -2.9383643e-001
  2.0000290e+000 -3.4629000e-002 -2.8905687e-001
  2.0060740e+000 -2.9675000e-002 -2.8903618e-001
  2.0121190e+000 -2.3486000e-002 -2.7856874e-001
  2.0181630e+000 -1.3936000e-002 -2.7705305e-001
  2.0242080e+000 -1.3972000e-002 -2.8023044e-001
  2.0302530e+000 -1.4513000e-002 -2.7321048e-001
  2.0362980e+000 -2.0407000e-002 -2.6532591e-001
  2.0423420e+000 -1.8841000e-002 -2.6009476e-001
  2.0483870e+000 -2.5849000e-002 -2.4469517e-001
  2.0544320e+000 -2.1151000e-002 -2.4445173e-001
  2.0604770e+000 -2.4975000e-002 -2.3544949e-001
  2.0665220e+000 -1.0562000e-002 -2.4404121e-001
  2.0725660e+000 -1.6949000e-002 -2.3778382e-001
  2.0786110e+000 -1.5054000e-002 -2.3881052e-001
  2.0846560e+000 -2.5833000e-002 -2.4581522e-001
  2.0907010e+000 -1.0945000e-002 -2.4641596e-001
  2.0967450e+000 -2.7846000e-002 -2.3444693e-001
  2.1027900e+000 -2.7555000e-002 -2.1489241e-001
  2.1088350e+000 -1.9788000e-002 -2.1252736e-001
  2.1148800e+000 -3.3063000e-002 -1.9856272e-001
  2.1209250e+000 -1.3545000e-002 -2.0357232e-001
  2.1269690e+000 -2.2803000e-002 -2.0349737e-001
  2.1330140e+000 -1.1507000e-002 -2.0258956e-001
  2.1390590e+000 -5.6710000e-003 -2.0384121e-001
  2.1451040e+000 -1.3756000e-002 -1.9607508e-001
  2.1511480e+000 -6.9300000e-004 -2.1169159e-001
  2.1571930e+000 -4.1180000e-003 -2.1120365e-001
  2.1632380e+000  3.2210000e-003 -2.1233084e-001
  2.1692830e+000 -5.4060000e-003 -1.9890487e-001
  2.1753280e+000  1.3500000e-003 -2.0837222e-001
  2.1813720e+000  1.4169000e-002 -2.0723351e-001
  2.1874170e+000  1.2330000e-002 -1.9515698e-001
  2.1934620e+000  1.1353000e-002 -1.9992123e-001
  2.1995070e+000  1.0427000e-002 -1.9709726e-001
  2.2055510e+000  7.9230000e-003 -1.9385191e-001
  2.2115960e+000  1.3160000e-003 -1.9258337e-001
  2.2176410e+000  3.9440000e-003 -1.7980359e-001
  2.2236860e+000 -5.1720000e-003 -1.7672630e-001
  2.2297310e+000  6.5130000e-003 -1.7523301e-001
  2.2357750e+000 -3.9150000e-003 -1.6925987e-001
  2.2418200e+000  5.0060000e-003 -1.6486296e-001
  2.2478650e+000  2.4570000e-003 -1.7126309e-001
  2.2539100e+000  6.0100000e-004 -1.6355964e-001
  2.2599540e+000  1.3141000e-002 -1.5840699e-001
  2.2659990e+000  1.1410000e-003 -1.5417073e-001
  2.2720440e+000  1.5222000e-002 -1.4837298e-001
  2.2780890e+000  1.4663000e-002 -1.4739721e-001
  2.2841340e+000  1.9509000e-002 -1.4174770e-001
  2.2901780e+000  2.1710000e-002 -1.3913404e-001
  2.2962230e+000  1.5359000e-002 -1.3753726e-001
  2.3022680e+000  1.6225000e-002 -1.3845355e-001
  2.3083130e+000  1.1496000e-002 -1.3908378e-001
  2.3143570e+000  1.1451000e-002 -1.4358727e-001
  2.3204020e+000  1.9444000e-002 -1.4256563e-001
  2.3264470e+000  2.3088000e-002 -1.3084484e-001
  2.3324920e+000  2.5083000e-002 -1.2618033e-001
  2.3385360e+000  1.4910000e-002 -1.2010206e-001
  2.3445810e+000  1.8901000e-002 -1.1965691e-001
  2.3506260e+000  1.2994000e-002 -1.1906993e-001
  2.3566710e+000  2.1817000e-002 -1.0789298e-001
  2.3627160e+000  1.3854000e-002 -1.0157796e-001
  2.3687600e+000  2.9952000e-002 -1.0987401e-001
  2.3748050e+000  2.2086000e-002 -1.0623215e-001
  2.3808500e+000  3.0705000e-002 -1.0732510e-001
  2.3868950e+000  2.6602000e-002 -9.6712917e-002
  2.3929390e+000  3.3117000e-002 -1.0067769e-001
  2.3989840e+000  3.8349000e-002 -9.6143060e-002
  2.4050290e+000  3.6457000e-002 -9.1506000e-002
  2.4110740e+000  3.7699000e-002 -8.8144400e-002
  2.4171190e+000  4.2973000e-002 -7.9331647e-002
  2.4231630e+000  3.5122000e-002 -7.5431952e-002
  2.4292080e+000  4.0888000e-002 -8.0722145e-002
  2.4352530e+000  4.3805000e-002 -7.2963091e-002
  2.4412980e+000  5.0274000e-002 -7.8006475e-002
  2.4473420e+000  4.7956000e-002 -6.5651414e-002
  2.4533870e+000  4.3175000e-002 -5.9154990e-002
  2.4594320e+000  4.4235000e-002 -5.6632605e-002
  2.4654770e+000  4.8712000e-002 -4.9903135e-002
  2.4715220e+000  5.4501000e-002 -5.7079520e-002
  2.4775660e+000  5.8828000e-002 -5.5140360e-002
  2.4836110e+000  5.8342000e-002 -4.7052682e-002
  2.4896560e+000  5.6386000e-002 -4.3802434e-002
  2.4957010e+000  5.7656000e-002 -4.0745416e-002
  2.5017450e+000  6.1939000e-002 -4.5305626e-002
  2.5077900e+000  5.9272000e-002 -4.7309165e-002
  2.5138350e+000  5.5214000e-002 -4.5933491e-002
  2.5198800e+000  5.8601000e-002 -3.9710068e-002
  2.5259250e+000  5.7544000e-002 -2.8362087e-002
  2.5319690e+000  6.6036000e-002 -2.5606540e-002
  2.5380140e+000  6.0235000e-002 -1.8528619e-002
  2.5440590e+000  5.8132000e-002 -2.0099315e-002
  2.5501040e+000  6.0449000e-002 -1.4419498e-002
  2.5561480e+000  6.2257000e-002 -1.6869811e-002
  2.5621930e+000  6.0559000e-002  1.1309287e-003
  2.5682380e+000  7.2021000e-002  5.1999885e-004
  2.5742830e+000  6.4445000e-002  6.3722601e-003
  2.5803280e+000  6.9515000e-002  7.0821125e-003
  2.5863720e+000  7.1358000e-002  8.3490720e-003
  2.5924170e+000  7.5709000e-002  9.2661621e-003
  2.5984620e+000  7.4695000e-002  8.8503916e-003
  2.6045070e+000  6.8337000e-002  1.4011324e-002
  2.6105510e+000  6.5859000e-002  1.9943855e-002
  2.6165960e+000  6.5118000e-002  2.6901408e-002
  2.6226410e+000  6.6204000e-002  2.3185966e-002
  2.6286860e+000  6.3019000e-002  3.5897200e-002
  2.6347310e+000  6.9038000e-002  3.6488889e-002
  2.6407750e+000  6.4403000e-002  3.9663134e-002
  2.6468200e+000  6.2174000e-002  4.4137058e-002
  2.6528650e+000  7.4174000e-002  4.0989797e-002
  2.6589100e+000  6.7548000e-002  4.5619017e-002
  2.6649540e+000  8.0666000e-002  3.9754221e-002
  2.6709990e+000  7.5693000e-002  4.9831209e-002
  2.6770440e+000  7.4910000e-002  5.1305635e-002
  2.6830890e+000  7.6307000e-002  5.0416155e-002
  2.6891340e+000  7.6501000e-002  5.4818835e-002
  2.6951780e+000  7.6472000e-002  5.0287295e-002
  2.7012230e+000  7.7787000e-002  5.4742806e-002
  2.7072680e+000  7.9840000e-002  5.4954399e-002
  2.7133130e+000  7.4790000e-002  6.3834987e-002
  2.7193570e+000  7.6013000e-002  5.8943269e-002
  2.7254020e+000  7.2805000e-002  6.9443695e-002
  2.7314470e+000  6.6701000e-002  7.6769631e-002
  2.7374920e+000  7.0328000e-002  6.9722349e-002
  2.7435370e+000  6.3379000e-002  8.1802142e-002
  2.7495810e+000  7.0417000e-002  8.0272212e-002
  2.7556260e+000  6.7400000e-002  8.8483952e-002
  2.7616710e+000  6.2558000e-002  9.0523930e-002
  2.7677160e+000  5.5692000e-002  9.2708855e-002
  2.7737600e+000  6.2093000e-002  8.8064171e-002
  2.7798050e+000  5.2131000e-002  8.9590194e-002
  2.7858500e+000  6.4049000e-002  7.9213924e-002
  2.7918950e+000  5.9286000e-002  8.7550544e-002
  2.7979400e+000  6.4672000e-002  8.0917968e-002
  2.8039840e+000  5.6148000e-002  8.8211515e-002
  2.8100290e+000  6.1551000e-002  8.5745014e-002
  2.8160740e+000  6.0041000e-002  8.8545701e-002
  2.8221190e+000  5.7057000e-002  9.0500469e-002
  2.8281630e+000  5.9128000e-002  9.3708259e-002
  2.8342080e+000  5.7178000e-002  9.0308238e-002
  2.8402530e+000  5.9245000e-002  9.3035540e-002
  2.8462980e+000  5.6859000e-002  1.0250530e-001
  2.8523430e+000  5.6706000e-002  1.0018263e-001
  2.8583870e+000  5.9630000e-002  9.9622534e-002
  2.8644320e+000  5.7059000e-002  1.0239771e-001
  2.8704770e+000  5.1322000e-002  1.0065045e-001
  2.8765220e+000  4.7737000e-002  1.0237185e-001
  2.8825660e+000  4.9462000e-002  1.0508241e-001
  2.8886110e+000  4.1539000e-002  1.0788732e-001
  2.8946560e+000  4.0487000e-002  1.1108991e-001
  2.9007010e+000  3.6903000e-002  1.1675044e-001
  2.9067460e+000  2.7470000e-002  1.1863903e-001
  2.9127900e+000  3.1112000e-002  1.2106058e-001
  2.9188350e+000  3.3777000e-002  1.1737887e-001
  2.9248800e+000  2.7605000e-002  1.1488051e-001
  2.9309250e+000  3.4080000e-002  1.0754086e-001
  2.9369690e+000  2.8700000e-002  1.1073017e-001
  2.9430140e+000  2.9864000e-002  1.0590925e-001
  2.9490590e+000  3.4787000e-002  1.0847716e-001
  2.9551040e+000  3.2904000e-002  1.1176432e-001
  2.9611490e+000  3.3958000e-002  1.1248297e-001
  2.9671930e+000  2.9266000e-002  1.1634725e-001
  2.9732380e+000  2.8206000e-002  1.1726987e-001
  2.9792830e+000  3.3450000e-002  1.1940396e-001
  2.9853280e+000  3.1481000e-002  1.2149562e-001
  2.9913720e+000  3.1279000e-002  1.1730796e-001
  2.9974170e+000  3.0552000e-002  1.1906023e-001
  3.0034620e+000  2.4973000e-002  1.2208924e-001
  3.0095070e+000  2.9750000e-002  1.1722733e-001
  3.0155510e+000  2.5380000e-002  1.2088792e-001
  3.0215960e+000  2.2124000e-002  1.1613249e-001
  3.0276410e+000  1.8988000e-002  1.1045671e-001
  3.0336860e+000  2.0028000e-002  1.1339965e-001
  3.0397310e+000  1.1443000e-002  1.1723675e-001
  3.0457750e+000  2.1782000e-002  1.1157775e-001
  3.0518200e+000  2.0749000e-002  1.0973566e-001
  3.0578650e+000  1.9241000e-002  1.0732159e-001
  3.0639100e+000  1.7409000e-002  1.0828397e-001
  3.0699540e+000  1.2196000e-002  1.0817366e-001
  3.0759990e+000  8.1690000e-003  1.0510412e-001
  3.0820440e+000  8.9050000e-003  1.0093496e-001
  3.0880890e+000  5.9700000e-003  1.0246571e-001
  3.0941340e+000  9.2280000e-003  1.0752838e-001
  3.1001780e+000  1.4970000e-003  1.0655273e-001
  3.1062230e+000  4.2580000e-003  1.0037274e-001
  3.1122680e+000  4.8430000e-003  9.8441144e-002
  3.1183130e+000  6.7590000e-003  9.1336014e-002
  3.1243570e+000 -1.0850000e-003  1.0103256e-001
  3.1304020e+000 -3.8350000e-003  9.9557894e-002
  3.1364470e+000 -3.0010000e-003  9.5479693e-002
  3.1424920e+000 -1.0070000e-002  1.0052484e-001
  3.1485370e+000 -1.2546000e-002  9.9043615e-002
  3.1545810e+000 -7.2330000e-003  9.1398128e-002
  3.1606260e+000  1.8200000e-004  8.9355215e-002
  3.1666710e+000 -6.6920000e-003  9.2328164e-002
  3.1727160e+000 -7.9900000e-003  8.6926728e-002
  3.1787600e+000 -1.1033000e-002  8.3383294e-002
  3.1848050e+000 -1.7692000e-002  8.7425486e-002
  3.1908500e+000 -1.5080000e-002  8.1123311e-002
  3.1968950e+000 -1.7356000e-002  7.7176499e-002
  3.2029400e+000 -2.2157000e-002  7.4086481e-002
  3.2089840e+000 -2.9153000e-002  7.2922538e-002
  3.2150290e+000 -3.1579000e-002  6.9856417e-002
  3.2210740e+000 -2.6772000e-002  6.7421167e-002
  3.2271190e+000 -2.3790000e-002  6.9704154e-002
  3.2331630e+000 -1.5233000e-002  6.6812636e-002
  3.2392080e+000 -1.1564000e-002  7.1449480e-002
  3.2452530e+000 -1.8200000e-002  6.4206479e-002
  3.2512980e+000 -2.6109000e-002  7.0642094e-002
  3.2573430e+000 -2.1395000e-002  6.5655492e-002
  3.2633870e+000 -3.0449000e-002  7.0870346e-002
  3.2694320e+000 -2.9552000e-002  6.4215835e-002
  3.2754770e+000 -3.3111000e-002  7.1426418e-002
  3.2815220e+000 -3.1410000e-002  6.4552045e-002
  3.2875660e+000 -3.6246000e-002  6.2254755e-002
  3.2936110e+000 -3.6161000e-002  6.3101130e-002
  3.2996560e+000 -4.0924000e-002  6.6704751e-002
  3.3057010e+000 -3.8404000e-002  6.1530346e-002
  3.3117460e+000 -3.5850000e-002  5.6789091e-002
  3.3177900e+000 -3.5247000e-002  4.9284695e-002
  3.3238350e+000 -3.7469000e-002  4.7114474e-002
  3.3298800e+000 -4.0020000e-002  4.7859095e-002
  3.3359250e+000 -4.3464000e-002  4.1891714e-002
  3.3419690e+000 -4.3345000e-002  4.5344240e-002
  3.3480140e+000 -4.6029000e-002  3.8425626e-002
  3.3540590e+000 -4.3147000e-002  3.7930408e-002
  3.3601040e+000 -4.7369000e-002  3.6625064e-002
  3.3661490e+000 -4.6535000e-002  2.8261863e-002
  3.3721930e+000 -5.3926000e-002  3.1881706e-002
  3.3782380e+000 -5.1829000e-002  2.8271669e-002
  3.3842830e+000 -5.8006000e-002  3.7819695e-002
  3.3903280e+000 -5.1271000e-002  2.9314779e-002
  3.3963720e+000 -4.9414000e-002  2.4709448e-002
  3.4024170e+000 -5.0909000e-002  2.4503966e-002
  3.4084620e+000 -5.5747000e-002  2.4028432e-002
  3.4145070e+000 -5.7340000e-002  2.5403988e-002
  3.4205520e+000 -6.0344000e-002  2.0600315e-002
  3.4265960e+000 -5.5774000e-002  9.4041360e-003
  3.4326410e+000 -5.5311000e-002  1.3646506e-003
  3.4386860e+000 -5.7972000e-002  6.5738446e-003
  3.4447310e+000 -6.4032000e-002  1.2082151e-002
  3.4507750e+000 -6.0323000e-002  5.8638778e-003
  3.4568200e+000 -5.5418000e-002  7.6945900e-003
  3.4628650e+000 -5.5516000e-002  2.2386279e-003
  3.4689100e+000 -4.9978000e-002 -5.3039489e-004
  3.4749550e+000 -5.0574000e-002 -2.5491436e-003
  3.4809990e+000 -5.9005000e-002 -3.0202450e-003
  3.4870440e+000 -6.3217000e-002 -4.0243685e-003
  3.4930890e+000 -6.7140000e-002 -9.6672162e-003
  3.4991340e+000 -6.7956000e-002 -1.4697818e-002
  3.5051780e+000 -7.0909000e-002 -1.5439266e-002
  3.5112230e+000 -6.9135000e-002 -1.9372729e-002
  3.5172680e+000 -6.9931000e-002 -1.7653890e-002
  3.5233130e+000 -7.0875000e-002 -1.6841116e-002
  3.5293580e+000 -6.8392000e-002 -1.9557037e-002
  3.5354020e+000 -6.7025000e-002 -1.9778179e-002
  3.5414470e+000 -6.8689000e-002 -1.8997290e-002
  3.5474920e+000 -6.9945000e-002 -2.6606599e-002
  3.5535370e+000 -6.1893000e-002 -3.4525759e-002
  3.5595810e+000 -6.0303000e-002 -3.8828681e-002
  3.5656260e+000 -6.3799000e-002 -3.7850408e-002
  3.5716710e+000 -7.2248000e-002 -3.9379707e-002
  3.5777160e+000 -7.3262000e-002 -4.4532477e-002
  3.5837610e+000 -7.0817000e-002 -4.3077037e-002
  3.5898050e+000 -6.8985000e-002 -3.9125420e-002
  3.5958500e+000 -6.6692000e-002 -4.1020533e-002
  3.6018950e+000 -6.6555000e-002 -3.3868810e-002
  3.6079400e+000 -6.8136000e-002 -3.3685790e-002
  3.6139840e+000 -6.5220000e-002 -3.5564858e-002
  3.6200290e+000 -6.7011000e-002 -4.2909470e-002
  3.6260740e+000 -6.7578000e-002 -4.4454679e-002
  3.6321190e+000 -6.5120000e-002 -4.1072652e-002
  3.6381640e+000 -6.2299000e-002 -4.5087316e-002
  3.6442080e+000 -6.5096000e-002 -4.0479722e-002
  3.6502530e+000 -6.6117000e-002 -4.2640347e-002
  3.6562980e+000 -6.3256000e-002 -4.6303129e-002
  3.6623430e+000 -6.3332000e-002 -4.5439406e-002
  3.6683870e+000 -5.9992000e-002 -4.9732720e-002
  3.6744320e+000 -5.7394000e-002 -5.4009604e-002
  3.6804770e+000 -5.0139000e-002 -4.9288047e-002
  3.6865220e+000 -5.0328000e-002 -5.2241116e-002
  3.6925670e+000 -4.7092000e-002 -5.1179125e-002
  3.6986110e+000 -5.4243000e-002 -4.3243988e-002
  3.7046560e+000 -5.4995000e-002 -4.3967778e-002
  3.7107010e+000 -5.4637000e-002 -4.7022080e-002
  3.7167460e+000 -5.5860000e-002 -4.5805361e-002
  3.7227900e+000 -5.7983000e-002 -4.9464498e-002
  3.7288350e+000 -5.6427000e-002 -4.6210570e-002
  3.7348800e+000 -5.6489000e-002 -4.7872138e-002
  3.7409250e+000 -5.4993000e-002 -4.7519534e-002
  3.7469690e+000 -5.1494000e-002 -5.0820440e-002
  3.7530140e+000 -5.1990000e-002 -5.5145983e-002
  3.7590590e+000 -5.1674000e-002 -5.3564411e-002
  3.7651040e+000 -4.5122000e-002 -5.5155664e-002
  3.7711490e+000 -3.7149000e-002 -6.1850467e-002
  3.7771930e+000 -3.7102000e-002 -6.2633730e-002
  3.7832380e+000 -3.7884000e-002 -5.9785182e-002
  3.7892830e+000 -3.9636000e-002 -6.1923034e-002
  3.7953280e+000 -4.1007000e-002 -6.1328380e-002
  3.8013720e+000 -3.1012000e-002 -6.0881374e-002
  3.8074170e+000 -2.8941000e-002 -6.1667585e-002
  3.8134620e+000 -3.2151000e-002 -5.7978403e-002
  3.8195070e+000 -3.5895000e-002 -5.8276401e-002
  3.8255520e+000 -3.3619000e-002 -5.8332589e-002
  3.8315960e+000 -3.3336000e-002 -5.4983046e-002
  3.8376410e+000 -3.0329000e-002 -5.8511006e-002
  3.8436860e+000 -2.6936000e-002 -6.5482851e-002
  3.8497310e+000 -2.3189000e-002 -6.3417487e-002
  3.8557750e+000 -2.4423000e-002 -5.9015111e-002
  3.8618200e+000 -2.2414000e-002 -6.0238889e-002
  3.8678650e+000 -2.0593000e-002 -5.5710615e-002
  3.8739100e+000 -1.5033000e-002 -5.3775952e-002
  3.8799550e+000 -1.9415000e-002 -5.6326826e-002
  3.8859990e+000 -2.1117000e-002 -5.4296575e-002
  3.8920440e+000 -1.4726000e-002 -5.8474479e-002
  3.8980890e+000 -1.5218000e-002 -5.5082534e-002
  3.9041340e+000 -9.1430000e-003 -5.3061009e-002
  3.9101780e+000 -8.4120000e-003 -5.2281782e-002
  3.9162230e+000 -7.8930000e-003 -5.2179432e-002
  3.9222680e+000 -6.4130000e-003 -5.0478781e-002
  3.9283130e+000 -9.2840000e-003 -5.1566220e-002
  3.9343580e+000 -6.2020000e-003 -5.0770026e-002
  3.9404020e+000 -6.2320000e-003 -5.4831688e-002
  3.9464470e+000 -9.5290000e-003 -4.9911125e-002
  3.9524920e+000 -5.4530000e-003 -5.2846602e-002
  3.9585370e+000 -3.0730000e-003 -5.2501095e-002
  3.9645810e+000 -6.6900000e-004 -4.9601659e-002
  3.9706260e+000  3.0630000e-003 -5.4327125e-002
  3.9766710e+000  5.2050000e-003 -5.4397669e-002
  3.9827160e+000 -2.3400000e-004 -5.0540562e-002
  3.9887610e+000 -1.2060000e-003 -4.6326206e-002
  3.9948050e+000  4.4340000e-003 -4.8602779e-002
  4.0008500e+000  1.0551000e-002 -4.8129128e-002
  4.0068950e+000  1.2368000e-002 -4.9266342e-002
  4.0129400e+000  1.9606000e-002 -5.1684860e-002
  4.0189840e+000  1.6287000e-002 -4.6559983e-002
  4.0250290e+000  1.8604000e-002 -4.6068166e-002
  4.0310740e+000  1.8396000e-002 -3.7465555e-002
  4.0371190e+000  1.6701000e-002 -3.6688449e-002
  4.0431640e+000  1.8057000e-002 -3.5826934e-002
  4.0492080e+000  1.8500000e-002 -2.8483860e-002
  4.0552530e+000  2.0869000e-002 -3.7769696e-002
  4.0612980e+000  1.5461000e-002 -3.7724806e-002
  4.0673430e+000  2.0962000e-002 -4.3026345e-002
  4.0733870e+000  2.2048000e-002 -3.8619786e-002
  4.0794320e+000  1.9626000e-002 -3.7468419e-002
  4.0854770e+000  2.2098000e-002 -3.8055683e-002
  4.0915220e+000  1.8659000e-002 -3.1671453e-002
  4.0975670e+000  1.8759000e-002 -2.8430246e-002
  4.1036110e+000  1.5451000e-002 -2.6719026e-002
  4.1096560e+000  2.3227000e-002 -2.8855875e-002
  4.1157010e+000  2.4406000e-002 -3.0157964e-002
  4.1217460e+000  2.3390000e-002 -2.4435979e-002
  4.1277900e+000  2.4101000e-002 -2.6946193e-002
  4.1338350e+000  2.3165000e-002 -2.2528443e-002
  4.1398800e+000  2.5944000e-002 -1.6083234e-002
  4.1459250e+000  2.3719000e-002 -1.5459821e-002
  4.1519700e+000  2.5390000e-002 -1.5666856e-002
  4.1580140e+000  2.2611000e-002 -1.4933065e-002
  4.1640590e+000  2.4686000e-002 -2.1070787e-002
  4.1701040e+000  2.3429000e-002 -2.1609219e-002
  4.1761490e+000  2.4492000e-002 -1.9740467e-002
  4.1821930e+000  3.1624000e-002 -2.1209924e-002
  4.1882380e+000  3.0956000e-002 -2.0876461e-002
  4.1942830e+000  2.9804000e-002 -1.8264076e-002
  4.2003280e+000  3.7986000e-002 -1.7269368e-002
  4.2063730e+000  4.0403000e-002 -1.5428345e-002
  4.2124170e+000  3.6878000e-002 -1.2341612e-002
  4.2184620e+000  3.5009000e-002 -7.4887453e-003
  4.2245070e+000  3.2625000e-002 -7.8267401e-003
  4.2305520e+000  3.5471000e-002 -1.3022353e-002
  4.2365960e+000  3.2435000e-002 -1.0916932e-002
  4.2426410e+000  2.8713000e-002 -9.5772451e-003
  4.2486860e+000  3.4168000e-002 -8.0223991e-003
  4.2547310e+000  3.2401000e-002 -4.3810819e-003
  4.2607760e+000  3.1175000e-002 -5.8007295e-003
  4.2668200e+000  3.6319000e-002 -4.4328446e-003
  4.2728650e+000  3.4566000e-002 -4.3688186e-003
  4.2789100e+000  3.5162000e-002 -2.4750698e-003
  4.2849550e+000  3.6324000e-002 -2.3092343e-003
  4.2909990e+000  3.4170000e-002 -1.9421550e-003
  4.2970440e+000  3.7478000e-002 -4.3883752e-003
  4.3030890e+000  3.9004000e-002 -2.9310916e-004
  4.3091340e+000  4.3489000e-002  2.0363371e-003
  4.3151790e+000  4.1434000e-002  5.4685005e-003
  4.3212230e+000  4.5601000e-002 -1.2286875e-004
  4.3272680e+000  4.3140000e-002  1.6777376e-003
  4.3333130e+000  4.7329000e-002  9.0605370e-004
  4.3393580e+000  4.7651000e-002  4.9973575e-003
  4.3454020e+000  3.7268000e-002  9.9709919e-003
  4.3514470e+000  3.3268000e-002  1.1138745e-002
  4.3574920e+000  3.4822000e-002  1.0592429e-002
  4.3635370e+000  3.7551000e-002  6.1445353e-003
  4.3695820e+000  3.5215000e-002  3.4373994e-003
  4.3756260e+000  3.4802000e-002  8.3969880e-003
  4.3816710e+000  3.1456000e-002  1.3365570e-002
  4.3877160e+000  3.2265000e-002  1.6054318e-002
  4.3937610e+000  3.3472000e-002  1.5929646e-002
  4.3998050e+000  4.0562000e-002  1.5762063e-002
  4.4058500e+000  4.0452000e-002  1.8587636e-002
  4.4118950e+000  3.6623000e-002  1.4857262e-002
  4.4179400e+000  3.5101000e-002  1.0870484e-002
  4.4239840e+000  3.7783000e-002  1.6816854e-002
  4.4300290e+000  3.5852000e-002  1.7622153e-002
  4.4360740e+000  3.1553000e-002  1.5567410e-002
  4.4421190e+000  2.8476000e-002  2.3184826e-002
  4.4481640e+000  2.7288000e-002  2.2028817e-002
  4.4542080e+000  3.1223000e-002  1.7713129e-002
  4.4602530e+000  2.9532000e-002  2.0559723e-002
  4.4662980e+000  3.3525000e-002  1.9739115e-002
  4.4723430e+000  3.7866000e-002  1.7866985e-002
  4.4783870e+000  3.5711000e-002  2.1416942e-002
  4.4844320e+000  3.0181000e-002  2.4255941e-002
  4.4904770e+000  3.2230000e-002  2.2978046e-002
  4.4965220e+000  3.0332000e-002  2.5500373e-002
  4.5025670e+000  3.1873000e-002  2.5525470e-002
  4.5086110e+000  3.1065000e-002  2.4010844e-002
  4.5146560e+000  2.7011000e-002  2.6336006e-002
  4.5207010e+000  2.8312000e-002  2.5895808e-002
  4.5267460e+000  2.9985000e-002  2.6062017e-002
  4.5327900e+000  2.9653000e-002  2.8048493e-002
  4.5388350e+000  2.4736000e-002  2.5552316e-002
  4.5448800e+000  1.9289000e-002  2.9137446e-002
  4.5509250e+000  1.9801000e-002  3.2287942e-002
  4.5569700e+000  1.8494000e-002  3.2920407e-002
  4.5630140e+000  1.8850000e-002  2.9905861e-002
  4.5690590e+000  1.7396000e-002  2.7196384e-002
  4.5751040e+000  2.3695000e-002  2.8500250e-002
  4.5811490e+000  2.1755000e-002  2.9939450e-002
  4.5871930e+000  1.8187000e-002  2.4802934e-002
  4.5932380e+000  2.0558000e-002  2.5861342e-002
  4.5992830e+000  1.9794000e-002  1.9322087e-002
  4.6053280e+000  1.6313000e-002  2.2752191e-002
  4.6113730e+000  1.3717000e-002  2.8145319e-002
  4.6174170e+000  1.0511000e-002  3.1523990e-002
  4.6234620e+000  1.1409000e-002  2.8921601e-002
  4.6295070e+000  1.3743000e-002  2.8544493e-002
  4.6355520e+000  1.4299000e-002  3.0675359e-002
  4.6415960e+000  1.2404000e-002  2.8934052e-002
  4.6476410e+000  1.3600000e-002  2.5831038e-002
  4.6536860e+000  1.6137000e-002  2.5038708e-002
  4.6597310e+000  1.5467000e-002  2.6996927e-002
  4.6657760e+000  1.3189000e-002  3.3077871e-002
  4.6718200e+000  9.3600000e-003  3.2322497e-002
  4.6778650e+000  1.0812000e-002  3.3164730e-002
  4.6839100e+000  9.2610000e-003  2.9455413e-002
  4.6899550e+000  7.8470000e-003  3.1540817e-002
  4.6959990e+000  5.8410000e-003  3.4386962e-002
  4.7020440e+000  6.1290000e-003  3.5459116e-002
  4.7080890e+000  1.8710000e-003  3.3790377e-002
  4.7141340e+000  4.6910000e-003  2.6950591e-002
  4.7201790e+000  6.4590000e-003  2.3391396e-002
  4.7262230e+000  1.1500000e-003  2.7116371e-002
  4.7322680e+000 -1.4680000e-003  2.7795814e-002
  4.7383130e+000 -6.4500000e-004  2.6369270e-002
  4.7443580e+000 -4.8940000e-003  2.9119631e-002
  4.7504020e+000 -2.6930000e-003  3.0863288e-002
  4.7564470e+000 -2.7780000e-003  2.9349913e-002
  4.7624920e+000 -2.0040000e-003  3.2204389e-002
  4.7685370e+000 -2.3960000e-003  3.1229540e-002
  4.7745820e+000 -1.2140000e-003  2.9946817e-002
  4.7806260e+000 -5.8970000e-003  3.1168203e-002
  4.7866710e+000 -8.7620000e-003  3.0315496e-002
  4.7927160e+000 -5.3380000e-003  2.6140435e-002
  4.7987610e+000 -4.4680000e-003  2.2554629e-002
  4.8048050e+000 -5.6570000e-003  2.2662498e-002
  4.8108500e+000 -1.3450000e-002  2.3146271e-002
  4.8168950e+000 -9.7220000e-003  2.1344317e-002
  4.8229400e+000 -1.0135000e-002  2.5217906e-002
  4.8289850e+000 -1.2342000e-002  2.5861516e-002
  4.8350290e+000 -1.8264000e-002  2.7203667e-002
  4.8410740e+000 -1.7848000e-002  2.6261444e-002
  4.8471190e+000 -2.0115000e-002  2.8453731e-002
  4.8531640e+000 -2.1118000e-002  3.1661303e-002
  4.8592080e+000 -2.5589000e-002  3.3604566e-002
  4.8652530e+000 -2.2356000e-002  3.0414191e-002
  4.8712980e+000 -2.6227000e-002  3.5218690e-002
  4.8773430e+000 -2.3975000e-002  3.2486573e-002
  4.8833880e+000 -2.3618000e-002  3.1727149e-002
  4.8894320e+000 -1.7467000e-002  2.8499950e-002
  4.8954770e+000 -1.9115000e-002  2.6811792e-002
  4.9015220e+000 -1.6297000e-002  2.3269762e-002
  4.9075670e+000 -1.6600000e-002  1.5062777e-002
  4.9136110e+000 -2.2815000e-002  2.0848164e-002
  4.9196560e+000 -2.3417000e-002  1.9986683e-002
  4.9257010e+000 -2.6918000e-002  1.9789346e-002
  4.9317460e+000 -2.9049000e-002  1.6324232e-002
  4.9377910e+000 -2.6792000e-002  2.2253725e-002
  4.9438350e+000 -2.9606000e-002  2.0126244e-002
  4.9498800e+000 -2.8119000e-002  1.9116750e-002
  4.9559250e+000 -2.6772000e-002  1.7331167e-002
  4.9619700e+000 -2.4825000e-002  1.6928821e-002
  4.9680140e+000 -2.5028000e-002  1.4028042e-002
  4.9740590e+000 -3.0595000e-002  2.0012525e-002
  4.9801040e+000 -3.3272000e-002  2.3412766e-002
  4.9861490e+000 -3.3303000e-002  2.2448982e-002
  4.9921940e+000 -3.2059000e-002  1.8464827e-002
  4.9982380e+000 -2.5446000e-002  1.0207020e-002
  5.0042830e+000 -3.1132000e-002  9.2449781e-003
  5.0103280e+000 -2.9995000e-002  9.2357622e-003
  5.0163730e+000 -2.8736000e-002  1.1423438e-002
  5.0224170e+000 -3.1957000e-002  1.3728277e-002
  5.0284620e+000 -2.6761000e-002  1.4222509e-002
  5.0345070e+000 -2.6781000e-002  1.6330068e-002
  5.0405520e+000 -2.4558000e-002  1.8069411e-002
  5.0465970e+000 -2.6523000e-002  1.6914560e-002
  5.0526410e+000 -3.1419000e-002  1.7826946e-002
  5.0586860e+000 -3.4542000e-002  1.7729748e-002
  5.0647310e+000 -3.2876000e-002  1.2950103e-002
  5.0707760e+000 -3.2008000e-002  1.5725052e-002
  5.0768200e+000 -3.3208000e-002  1.7411578e-002
  5.0828650e+000 -3.4675000e-002  1.7197514e-002
  5.0889100e+000 -3.8207000e-002  2.1149392e-002
  5.0949550e+000 -3.7508000e-002  1.6888713e-002
  5.1009990e+000 -3.7287000e-002  1.7103689e-002
  5.1070440e+000 -3.2866000e-002  1.3567323e-002
  5.1130890e+000 -3.2482000e-002  8.1491949e-003
  5.1191340e+000 -2.7644000e-002  7.2117290e-003
  5.1251790e+000 -2.9504000e-002  1.0089694e-002
  5.1312230e+000 -2.7100000e-002  8.2741305e-003
  5.1372680e+000 -2.7774000e-002  5.7758610e-003
  5.1433130e+000 -2.9525000e-002  9.2613111e-004
  5.1493580e+000 -3.2930000e-002 -1.3114887e-003
  5.1554020e+000 -3.1195000e-002  1.3952882e-003
  5.1614470e+000 -3.4910000e-002  1.8308294e-003
  5.1674920e+000 -3.4147000e-002  9.9796238e-004
  5.1735370e+000 -3.3169000e-002  7.8933862e-004
  5.1795820e+000 -2.6103000e-002  5.6558259e-003
  5.1856260e+000 -2.4156000e-002  2.8764799e-003
  5.1916710e+000 -2.2242000e-002  3.1441058e-003
  5.1977160e+000 -2.7110000e-002  4.2759099e-003
  5.2037610e+000 -3.0447000e-002  5.0635903e-003
  5.2098050e+000 -2.9167000e-002  1.1502829e-002
  5.2158500e+000 -2.9089000e-002  8.4863500e-003
  5.2218950e+000 -2.7534000e-002 -2.8844231e-005
  5.2279400e+000 -3.3188000e-002  1.7060195e-003
  5.2339850e+000 -3.5104000e-002  3.1051494e-003
  5.2400290e+000 -3.0914000e-002  4.9905875e-003
  5.2460740e+000 -3.2394000e-002  6.7859364e-003
  5.2521190e+000 -2.9221000e-002  2.0022378e-003
  5.2581640e+000 -2.9527000e-002  1.1818870e-003
  5.2642080e+000 -3.3264000e-002  1.4757428e-003
  5.2702530e+000 -2.9065000e-002  5.1027945e-004
  5.2762980e+000 -2.8176000e-002  9.8792218e-005
  5.2823430e+000 -2.2920000e-002 -3.7986520e-003
  5.2883880e+000 -2.5946000e-002  7.7898960e-004
  5.2944320e+000 -2.6699000e-002  4.1330772e-003
  5.3004770e+000 -2.4416000e-002  1.0787439e-003
  5.3065220e+000 -2.5163000e-002 -2.2624362e-003
  5.3125670e+000 -2.3469000e-002 -2.9796638e-003
  5.3186110e+000 -1.8780000e-002 -4.8473169e-003
  5.3246560e+000 -1.8231000e-002 -3.0293051e-003
  5.3307010e+000 -2.1057000e-002 -2.5102512e-003
  5.3367460e+000 -2.2503000e-002 -2.0697523e-003
  5.3427910e+000 -2.0875000e-002 -1.8510360e-003
  5.3488350e+000 -1.9414000e-002  5.4529600e-004
  5.3548800e+000 -2.0687000e-002  2.5469116e-003
  5.3609250e+000 -2.0187000e-002 -1.2690576e-003
  5.3669700e+000 -2.0910000e-002 -2.3393082e-003
  5.3730140e+000 -1.8142000e-002 -5.8274416e-003
  5.3790590e+000 -1.7767000e-002 -6.4726685e-003
  5.3851040e+000 -2.1023000e-002 -6.9201011e-003
  5.3911490e+000 -1.8171000e-002 -7.2349814e-003
  5.3971940e+000 -1.7616000e-002 -4.7862372e-003
  5.4032380e+000 -2.0970000e-002 -2.3326319e-003
  5.4092830e+000 -1.9179000e-002 -5.3170195e-003
  5.4153280e+000 -1.2967000e-002 -6.7397728e-003
  5.4213730e+000 -1.2490000e-002 -4.0505494e-003
  5.4274170e+000 -1.4541000e-002 -3.8868978e-003
  5.4334620e+000 -1.8074000e-002  1.1685855e-004
  5.4395070e+000 -1.2400000e-002 -1.8645639e-003
  5.4455520e+000 -1.0745000e-002 -9.2355195e-004
  5.4515970e+000 -1.4453000e-002  3.1843623e-005
  5.4576410e+000 -1.6032000e-002 -8.7789165e-004
  5.4636860e+000 -1.3504000e-002 -3.0663199e-003
  5.4697310e+000 -1.0186000e-002 -7.2233195e-003
  5.4757760e+000 -8.0640000e-003 -6.5063048e-003
  5.4818200e+000 -6.1770000e-003 -7.4189745e-003
  5.4878650e+000 -3.7390000e-003 -5.2363883e-003
  5.4939100e+000 -4.0320000e-003 -3.4631524e-003
  5.4999550e+000 -4.4300000e-003 -3.3927329e-003
  5.5060000e+000 -4.9160000e-003 -2.4670549e-003
  5.5120440e+000 -1.0234000e-002 -2.1178465e-005
  5.5180890e+000 -6.2760000e-003 -1.7130586e-003
  5.5241340e+000 -8.6610000e-003 -5.2041756e-003
  5.5301790e+000 -9.3390000e-003 -4.8589333e-003
  5.5362230e+000 -8.7130000e-003 -7.6652276e-004
  5.5422680e+000 -1.0249000e-002  1.7479906e-003
  5.5483130e+000 -4.9990000e-003  2.9708140e-003
  5.5543580e+000  2.1900000e-003  1.1523149e-003
  5.5604030e+000  1.6330000e-003 -2.0186734e-003
  5.5664470e+000  2.7500000e-004 -3.6034331e-003
  5.5724920e+000 -1.7720000e-003 -5.4162932e-003
  5.5785370e+000 -2.7720000e-003 -5.6373548e-003
  5.5845820e+000  2.3580000e-003 -3.6811787e-003
  5.5906260e+000  4.6180000e-003 -2.3343195e-003
  5.5966710e+000  4.7800000e-003 -9.6854553e-004
  5.6027160e+000  7.4580000e-003 -1.7366646e-003
  5.6087610e+000  4.3200000e-003  5.4430613e-004
  5.6148060e+000  8.4780000e-003  5.9883829e-004
  5.6208500e+000  7.3940000e-003 -2.4574765e-003
  5.6268950e+000  7.7220000e-003 -6.5834403e-003
  5.6329400e+000  4.5120000e-003 -4.7512580e-003
  5.6389850e+000 -2.2100000e-004 -1.2409756e-003
  5.6450290e+000  1.6940000e-003 -3.4642276e-003
  5.6510740e+000  2.2210000e-003 -4.4959012e-003
  5.6571190e+000  2.1020000e-003 -1.2564265e-003
  5.6631640e+000  6.5520000e-003 -3.5962524e-003
  5.6692090e+000  1.1613000e-002 -6.9824986e-003
  5.6752530e+000  1.0810000e-002 -4.9485141e-003
  5.6812980e+000  5.3530000e-003 -1.3386042e-003
  5.6873430e+000  1.2930000e-003  2.7518257e-003
  5.6933880e+000  1.7720000e-003  3.3262932e-003
  5.6994320e+000  5.6830000e-003 -3.3632390e-004
  5.7054770e+000  6.1300000e-003  3.2562376e-003
  5.7115220e+000  6.7850000e-003  4.9081880e-003
  5.7175670e+000  3.6590000e-003  6.0216234e-003
  5.7236120e+000  6.3670000e-003  3.8651662e-003
  5.7296560e+000  7.6670000e-003  6.4178463e-003
  5.7357010e+000  4.4420000e-003  7.4851976e-003
  5.7417460e+000 -2.1700000e-004  9.3655126e-003
  5.7477910e+000  3.0230000e-003  9.3549922e-003
  5.7538350e+000  5.6180000e-003  9.8497421e-003
  5.7598800e+000  5.3790000e-003  8.0675694e-003
  5.7659250e+000  9.9070000e-003  6.8432643e-003
  5.7719700e+000  5.1630000e-003  9.0582041e-003
  5.7780150e+000  1.0245000e-002  8.7785211e-003
  5.7840590e+000  9.8320000e-003  9.5771097e-003
  5.7901040e+000  7.4520000e-003  1.0506603e-002
  5.7961490e+000  7.6620000e-003  7.7682360e-003
  5.8021940e+000  8.1370000e-003  6.8532153e-003
  5.8082380e+000  9.4630000e-003  1.1878069e-002
  5.8142830e+000  1.1151000e-002  1.2076109e-002
  5.8203280e+000  7.2550000e-003  1.0459557e-002
  5.8263730e+000  5.0970000e-003  1.0563148e-002
  5.8324170e+000  3.4680000e-003  1.0550310e-002
  5.8384620e+000 -8.3000000e-005  1.4259869e-002
  5.8445070e+000  2.1310000e-003  1.3397113e-002
  5.8505520e+000  4.7120000e-003  1.2900154e-002
  5.8565970e+000  6.6850000e-003  1.2131982e-002
  5.8626410e+000  6.3080000e-003  1.3988965e-002
  5.8686860e+000  5.1000000e-003  1.0824514e-002
  5.8747310e+000  8.2310000e-003  7.5486891e-003
  5.8807760e+000  7.7910000e-003  4.7539820e-003
  5.8868200e+000  9.0990000e-003  7.3636385e-003
  5.8928650e+000  1.2525000e-002  7.4848216e-003
  5.8989100e+000  1.1576000e-002  8.6989851e-003
  5.9049550e+000  1.1257000e-002  1.1281047e-002
  5.9110000e+000  1.1145000e-002  1.3782377e-002
  5.9170440e+000  1.1694000e-002  1.2385388e-002
  5.9230890e+000  1.2195000e-002  1.0777541e-002
  5.9291340e+000  1.1745000e-002  8.1996136e-003
  5.9351790e+000  1.1308000e-002  6.2482726e-003
  5.9412230e+000  1.0861000e-002  1.0086711e-002
  5.9472680e+000  1.1004000e-002  1.2643166e-002
  5.9533130e+000  1.4070000e-002  1.4999407e-002
  5.9593580e+000  9.7400000e-003  1.0375880e-002
  5.9654030e+000  9.3170000e-003  9.1562480e-003
  5.9714470e+000  7.6020000e-003  7.8349123e-003
  5.9774920e+000  7.2180000e-003  7.2750407e-003
  5.9835370e+000  7.4040000e-003  4.9177441e-003
  5.9895820e+000  8.6820000e-003  6.0927389e-003
  5.9956260e+000  8.3230000e-003  8.4059187e-003
  6.0016710e+000  6.7660000e-003  1.0047869e-002
  6.0077160e+000  2.7530000e-003  1.2253036e-002
  6.0137610e+000 -1.5600000e-004  1.1971958e-002
  6.0198060e+000 -1.8700000e-003  1.0272745e-002
  6.0258500e+000 -2.5950000e-003  1.3501250e-002
  6.0318950e+000  1.9420000e-003  1.8624044e-002
  6.0379400e+000  4.3100000e-003  1.8395086e-002
  6.0439850e+000  0.0000000e+000  0.0000000e+000
  6.0500290e+000  0.0000000e+000  0.0000000e+000
  6.0560740e+000  0.0000000e+000  0.0000000e+000
  6.0621190e+000  0.0000000e+000  0.0000000e+000
  6.0681640e+000  0.0000000e+000  0.0000000e+000
  6.0742090e+000  0.0000000e+000  0.0000000e+000
  6.0802530e+000  0.0000000e+000  0.0000000e+000
  6.0862980e+000  0.0000000e+000  0.0000000e+000
  6.0923430e+000  0.0000000e+000  0.0000000e+000
  6.0983880e+000  0.0000000e+000  0.0000000e+000
  6.1044320e+000  0.0000000e+000  0.0000000e+000
  6.1104770e+000  0.0000000e+000  0.0000000e+000
  6.1165220e+000  0.0000000e+000  0.0000000e+000
  6.1225670e+000  0.0000000e+000  0.0000000e+000
  6.1286120e+000  0.0000000e+000  0.0000000e+000
  6.1346560e+000  0.0000000e+000  0.0000000e+000
  6.1407010e+000  0.0000000e+000  0.0000000e+000
  6.1467460e+000  0.0000000e+000  0.0000000e+000
  6.1527910e+000  0.0000000e+000  0.0000000e+000
  6.1588350e+000  0.0000000e+000  0.0000000e+000
  6.1648800e+000  0.0000000e+000  0.0000000e+000
  6.1709250e+000  0.0000000e+000  0.0000000e+000
  6.1769700e+000  0.0000000e+000  0.0000000e+000
  6.1830150e+000  0.0000000e+000  0.0000000e+000
  6.1890590e+000  0.0000000e+000  0.0000000e+000
  6.1951040e+000  0.0000000e+000  0.0000000e+000
  6.2011490e+000  0.0000000e+000  0.0000000e+000
  6.2071940e+000  0.0000000e+000  0.0000000e+000
  6.2132380e+000  0.0000000e+000  0.0000000e+000
  6.2192830e+000  0.0000000e+000  0.0000000e+000
  6.2253280e+000  0.0000000e+000  0.0000000e+000
  6.2313730e+000  0.0000000e+000  0.0000000e+000
  6.2374180e+000  0.0000000e+000  0.0000000e+000
  6.2434620e+000  0.0000000e+000  0.0000000e+000
  6.2495070e+000  0.0000000e+000  0.0000000e+000
  6.2555520e+000  0.0000000e+000  0.0000000e+000
  6.2615970e+000  0.0000000e+000  0.0000000e+000
  6.2676410e+000  0.0000000e+000  0.0000000e+000
  6.2736860e+000  0.0000000e+000  0.0000000e+000
  6.2797310e+000  0.0000000e+000  0.0000000e+000
  6.2857760e+000  0.0000000e+000  0.0000000e+000
  6.2918210e+000  0.0000000e+000  0.0000000e+000
  6.2978650e+000  0.0000000e+000  0.0000000e+000
  6.3039100e+000  0.0000000e+000  0.0000000e+000
  6.3099550e+000  0.0000000e+000  0.0000000e+000
  6.3160000e+000  0.0000000e+000  0.0000000e+000
  6.3220440e+000  0.0000000e+000  0.0000000e+000
  6.3280890e+000  0.0000000e+000  0.0000000e+000
  6.3341340e+000  0.0000000e+000  0.0000000e+000
  6.3401790e+000  0.0000000e+000  0.0000000e+000
  6.3462240e+000  0.0000000e+000  0.0000000e+000
  6.3522680e+000  0.0000000e+000  0.0000000e+000
  6.3583130e+000  0.0000000e+000  0.0000000e+000
  6.3643580e+000  0.0000000e+000  0.0000000e+000
  6.3704030e+000  0.0000000e+000  0.0000000e+000
  6.3764470e+000  0.0000000e+000  0.0000000e+000
  6.3824920e+000  0.0000000e+000  0.0000000e+000
  6.3885370e+000  0.0000000e+000  0.0000000e+000
  6.3945820e+000  0.0000000e+000  0.0000000e+000
  6.4006270e+000  0.0000000e+000  0.0000000e+000
  6.4066710e+000  0.0000000e+000  0.0000000e+000
  6.4127160e+000  0.0000000e+000  0.0000000e+000
  6.4187610e+000  0.0000000e+000  0.0000000e+000
  6.4248060e+000  0.0000000e+000  0.0000000e+000
  6.4308500e+000  0.0000000e+000  0.0000000e+000
  6.4368950e+000  0.0000000e+000  0.0000000e+000
  6.4429400e+000  0.0000000e+000  0.0000000e+000
  6.4489850e+000  0.0000000e+000  0.0000000e+000
  6.4550300e+000  0.0000000e+000  0.0000000e+000
  6.4610740e+000  0.0000000e+000  0.0000000e+000
  6.4671190e+000  0.0000000e+000  0.0000000e+000
  6.4731640e+000  0.0000000e+000  0.0000000e+000
  6.4792090e+000  0.0000000e+000  0.0000000e+000
  6.4852530e+000  0.0000000e+000  0.0000000e+000
  6.4912980e+000  0.0000000e+000  0.0000000e+000
  6.4973430e+000  0.0000000e+000  0.0000000e+000
  6.5033880e+000  0.0000000e+000  0.0000000e+000
  6.5094320e+000  0.0000000e+000  0.0000000e+000
  6.5154770e+000  0.0000000e+000  0.0000000e+000
  6.5215220e+000  0.0000000e+000  0.0000000e+000
  6.5275670e+000  0.0000000e+000  0.0000000e+000
  6.5336120e+000  0.0000000e+000  0.0000000e+000
  6.5396560e+000  0.0000000e+000  0.0000000e+000
  6.5457010e+000  0.0000000e+000  0.0000000e+000
  6.5517460e+000  0.0000000e+000  0.0000000e+000
  6.5577910e+000  0.0000000e+000  0.0000000e+000
  6.5638350e+000  0.0000000e+000  0.0000000e+000
  6.5698800e+000  0.0000000e+000  0.0000000e+000
  6.5759250e+000  0.0000000e+000  0.0000000e+000
  6.5819700e+000  0.0000000e+000  0.0000000e+000
  6.5880150e+000  0.0000000e+000  0.0000000e+000
  6.5940590e+000  0.0000000e+000  0.0000000e+000
  6.6001040e+000  0.0000000e+000  0.0000000e+000
  6.6061490e+000  0.0000000e+000  0.0000000e+000
  6.6121940e+000  0.0000000e+000  0.0000000e+000
  6.6182380e+000  0.0000000e+000  0.0000000e+000
  6.6242830e+000  0.0000000e+000  0.0000000e+000
  6.6303280e+000  0.0000000e+000  0.0000000e+000
  6.6363730e+000  0.0000000e+000  0.0000000e+000
  6.6424180e+000  0.0000000e+000  0.0000000e+000
  6.6484620e+000  0.0000000e+000  0.0000000e+000
  6.6545070e+000  0.0000000e+000  0.0000000e+000
  6.6605520e+000  0.0000000e+000  0.0000000e+000
  6.6665970e+000  0.0000000e+000  0.0000000e+000
  6.6726410e+000  0.0000000e+000  0.0000000e+000
  6.6786860e+000  0.0000000e+000  0.0000000e+000
  6.6847310e+000  0.0000000e+000  0.0000000e+000
  6.6907760e+000  0.0000000e+000  0.0000000e+000
  6.6968210e+000  0.0000000e+000  0.0000000e+000
  6.7028650e+000  0.0000000e+000  0.0000000e+000
  6.7089100e+000  0.0000000e+000  0.0000000e+000
  6.7149550e+000  0.0000000e+000  0.0000000e+000
  6.7210000e+000  0.0000000e+000  0.0000000e+000
  6.7270440e+000  0.0000000e+000  0.0000000e+000
  6.7330890e+000  0.0000000e+000  0.0000000e+000
  6.7391340e+000  0.0000000e+000  0.0000000e+000
  6.7451790e+000  0.0000000e+000  0.0000000e+000
  6.7512240e+000  0.0000000e+000  0.0000000e+000
  6.7572680e+000  0.0000000e+000  0.0000000e+000
  6.7633130e+000  0.0000000e+000  0.0000000e+000
  6.7693580e+000  0.0000000e+000  0.0000000e+000
  6.7754030e+000  0.0000000e+000  0.0000000e+000
  6.7814470e+000  0.0000000e+000  0.0000000e+000
  6.7874920e+000  0.0000000e+000  0.0000000e+000
  6.7935370e+000  0.0000000e+000  0.0000000e+000
  6.7995820e+000  0.0000000e+000  0.0000000e+000
  6.8056270e+000  0.0000000e+000  0.0000000e+000
  6.8116710e+000  0.0000000e+000  0.0000000e+000
  6.8177160e+000  0.0000000e+000  0.0000000e+000
  6.8237610e+000  0.0000000e+000  0.0000000e+000
  6.8298060e+000  0.0000000e+000  0.0000000e+000
  6.8358500e+000  0.0000000e+000  0.0000000e+000
  6.8418950e+000  0.0000000e+000  0.0000000e+000
  6.8479400e+000  0.0000000e+000  0.0000000e+000
  6.8539850e+000  0.0000000e+000  0.0000000e+000
  6.8600300e+000  0.0000000e+000  0.0000000e+000
  6.8660740e+000  0.0000000e+000  0.0000000e+000
  6.8721190e+000  0.0000000e+000  0.0000000e+000
  6.8781640e+000  0.0000000e+000  0.0000000e+000
  6.8842090e+000  0.0000000e+000  0.0000000e+000
  6.8902530e+000  0.0000000e+000  0.0000000e+000
  6.8962980e+000  0.0000000e+000  0.0000000e+000
  6.9023430e+000  0.0000000e+000  0.0000000e+000
  6.9083880e+000  0.0000000e+000  0.0000000e+000
  6.9144330e+000  0.0000000e+000  0.0000000e+000
  6.9204770e+000  0.0000000e+000  0.0000000e+000
  6.9265220e+000  0.0000000e+000  0.0000000e+000
  6.9325670e+000  0.0000000e+000  0.0000000e+000
  6.9386120e+000  0.0000000e+000  0.0000000e+000
  6.9446560e+000  0.0000000e+000  0.0000000e+000
  6.9507010e+000  0.0000000e+000  0.0000000e+000
  6.9567460e+000  0.0000000e+000  0.0000000e+000
  6.9627910e+000  0.0000000e+000  0.0000000e+000
  6.9688360e+000  0.0000000e+000  0.0000000e+000
  6.9748800e+000  0.0000000e+000  0.0000000e+000
  6.9809250e+000  0.0000000e+000  0.0000000e+000
  6.9869700e+000  0.0000000e+000  0.0000000e+000
  6.9930150e+000  0.0000000e+000  0.0000000e+000
  6.9990590e+000  0.0000000e+000  0.0000000e+000
  7.0051040e+000  0.0000000e+000  0.0000000e+000
  7.0111490e+000  0.0000000e+000  0.0000000e+000
  7.0171940e+000  0.0000000e+000  0.0000000e+000
  7.0232390e+000  0.0000000e+000  0.0000000e+000
  7.0292830e+000  0.0000000e+000  0.0000000e+000
  7.0353280e+000  0.0000000e+000  0.0000000e+000
  7.0413730e+000  0.0000000e+000  0.0000000e+000
  7.0474180e+000  0.0000000e+000  0.0000000e+000
  7.0534620e+000  0.0000000e+000  0.0000000e+000
  7.0595070e+000  0.0000000e+000  0.0000000e+000
  7.0655520e+000  0.0000000e+000  0.0000000e+000
  7.0715970e+000  0.0000000e+000  0.0000000e+000
  7.0776420e+000  0.0000000e+000  0.0000000e+000
  7.0836860e+000  0.0000000e+000  0.0000000e+000
  7.0897310e+000  0.0000000e+000  0.0000000e+000
  7.0957760e+000  0.0000000e+000  0.0000000e+000
  7.1018210e+000  0.0000000e+000  0.0000000e+000
  7.1078650e+000  0.0000000e+000  0.0000000e+000
  7.1139100e+000  0.0000000e+000  0.0000000e+000
  7.1199550e+000  0.0000000e+000  0.0000000e+000
  7.1260000e+000  0.0000000e+000  0.0000000e+000
  7.1320450e+000  0.0000000e+000  0.0000000e+000
  7.1380890e+000  0.0000000e+000  0.0000000e+000
  7.1441340e+000  0.0000000e+000  0.0000000e+000
  7.1501790e+000  0.0000000e+000  0.0000000e+000
  7.1562240e+000  0.0000000e+000  0.0000000e+000
  7.1622680e+000  0.0000000e+000  0.0000000e+000
  7.1683130e+000  0.0000000e+000  0.0000000e+000
  7.1743580e+000  0.0000000e+000  0.0000000e+000
  7.1804030e+000  0.0000000e+000  0.0000000e+000
  7.1864480e+000  0.0000000e+000  0.0000000e+000
  7.1924920e+000  0.0000000e+000  0.0000000e+000
  7.1985370e+000  0.0000000e+000  0.0000000e+000
  7.2045820e+000  0.0000000e+000  0.0000000e+000
  7.2106270e+000  0.0000000e+000  0.0000000e+000
  7.2166710e+000  0.0000000e+000  0.0000000e+000
  7.2227160e+000  0.0000000e+000  0.0000000e+000
  7.2287610e+000  0.0000000e+000  0.0000000e+000
  7.2348060e+000  0.0000000e+000  0.0000000e+000
  7.2408500e+000  0.0000000e+000  0.0000000e+000
  7.2468950e+000  0.0000000e+000  0.0000000e+000
  7.2529400e+000  0.0000000e+000  0.0000000e+000
  7.2589850e+000  0.0000000e+000  0.0000000e+000
  7.2650300e+000  0.0000000e+000  0.0000000e+000
  7.2710740e+000  0.0000000e+000  0.0000000e+000
  7.2771190e+000  0.0000000e+000  0.0000000e+000
  7.2831640e+000  0.0000000e+000  0.0000000e+000
  7.2892090e+000  0.0000000e+000  0.0000000e+000
  7.2952530e+000  0.0000000e+000  0.0000000e+000
  7.3012980e+000  0.0000000e+000  0.0000000e+000
  7.3073430e+000  0.0000000e+000  0.0000000e+000
  7.3133880e+000  0.0000000e+000  0.0000000e+000
  7.3194330e+000  0.0000000e+000  0.0000000e+000
  7.3254770e+000  0.0000000e+000  0.0000000e+000
  7.3315220e+000  0.0000000e+000  0.0000000e+000
  7.3375670e+000  0.0000000e+000  0.0000000e+000
  7.3436120e+000  0.0000000e+000  0.0000000e+000
  7.3496560e+000  0.0000000e+000  0.0000000e+000
  7.3557010e+000  0.0000000e+000  0.0000000e+000
  7.3617460e+000  0.0000000e+000  0.0000000e+000
  7.3677910e+000  0.0000000e+000  0.0000000e+000
  7.3738360e+000  0.0000000e+000  0.0000000e+000
  7.3798800e+000  0.0000000e+000  0.0000000e+000
  7.3859250e+000  0.0000000e+000  0.0000000e+000
  7.3919700e+000  0.0000000e+000  0.0000000e+000
  7.3980150e+000  0.0000000e+000  0.0000000e+000
  7.4040590e+000  0.0000000e+000  0.0000000e+000
  7.4101040e+000  0.0000000e+000  0.0000000e+000
  7.4161490e+000  0.0000000e+000  0.0000000e+000
  7.4221940e+000  0.0000000e+000  0.0000000e+000
  7.4282390e+000  0.0000000e+000  0.0000000e+000
  7.4342830e+000  0.0000000e+000  0.0000000e+000
  7.4403280e+000  0.0000000e+000  0.0000000e+000
  7.4463730e+000  0.0000000e+000  0.0000000e+000
  7.4524180e+000  0.0000000e+000  0.0000000e+000
  7.4584620e+000  0.0000000e+000  0.0000000e+000
  7.4645070e+000  0.0000000e+000  0.0000000e+000
  7.4705520e+000  0.0000000e+000  0.0000000e+000
  7.4765970e+000  0.0000000e+000  0.0000000e+000
  7.4826420e+000  0.0000000e+000  0.0000000e+000
  7.4886860e+000  0.0000000e+000  0.0000000e+000
  7.4947310e+000  0.0000000e+000  0.0000000e+000
  7.5007760e+000  0.0000000e+000  0.0000000e+000
  7.5068210e+000  0.0000000e+000  0.0000000e+000
  7.5128650e+000  0.0000000e+000  0.0000000e+000
  7.5189100e+000  0.0000000e+000  0.0000000e+000
  7.5249550e+000  0.0000000e+000  0.0000000e+000
  7.5310000e+000  0.0000000e+000  0.0000000e+000
  7.5370450e+000  0.0000000e+000  0.0000000e+000
  7.5430890e+000  0.0000000e+000  0.0000000e+000
  7.5491340e+000  0.0000000e+000  0.0000000e+000
  7.5551790e+000  0.0000000e+000  0.0000000e+000
  7.5612240e+000  0.0000000e+000  0.0000000e+000
  7.5672680e+000  0.0000000e+000  0.0000000e+000
  7.5733130e+000  0.0000000e+000  0.0000000e+000
  7.5793580e+000  0.0000000e+000  0.0000000e+000
  7.5854030e+000  0.0000000e+000  0.0000000e+000
  7.5914480e+000  0.0000000e+000  0.0000000e+000
  7.5974920e+000  0.0000000e+000  0.0000000e+000
  7.6035370e+000  0.0000000e+000  0.0000000e+000
  7.6095820e+000  0.0000000e+000  0.0000000e+000
  7.6156270e+000  0.0000000e+000  0.0000000e+000
  7.6216710e+000  0.0000000e+000  0.0000000e+000
  7.6277160e+000  0.0000000e+000  0.0000000e+000
  7.6337610e+000  0.0000000e+000  0.0000000e+000
  7.6398060e+000  0.0000000e+000  0.0000000e+000
  7.6458510e+000  0.0000000e+000  0.0000000e+000
  7.6518950e+000  0.0000000e+000  0.0000000e+000
  7.6579400e+000  0.0000000e+000  0.0000000e+000
  7.6639850e+000  0.0000000e+000  0.0000000e+000
  7.6700300e+000  0.0000000e+000  0.0000000e+000
  7.6760740e+000  0.0000000e+000  0.0000000e+000
  7.6821190e+000  0.0000000e+000  0.0000000e+000
  7.6881640e+000  0.0000000e+000  0.0000000e+000
  7.6942090e+000  0.0000000e+000  0.0000000e+000
  7.7002540e+000  0.0000000e+000  0.0000000e+000
  7.7062980e+000  0.0000000e+000  0.0000000e+000
  7.7123430e+000  0.0000000e+000  0.0000000e+000
  7.7183880e+000  0.0000000e+000  0.0000000e+000
  7.7244330e+000  0.0000000e+000  0.0000000e+000
  7.7304770e+000  0.0000000e+000  0.0000000e+000
  7.7365220e+000  0.0000000e+000  0.0000000e+000
  7.7425670e+000  0.0000000e+000  0.0000000e+000
  7.7486120e+000  0.0000000e+000  0.0000000e+000
  7.7546570e+000  0.0000000e+000  0.0000000e+000
  7.7607010e+000  0.0000000e+000  0.0000000e+000
  7.7667460e+000  0.0000000e+000  0.0000000e+000
  7.7727910e+000  0.0000000e+000  0.0000000e+000
  7.7788360e+000  0.0000000e+000  0.0000000e+000
  7.7848800e+000  0.0000000e+000  0.0000000e+000
  7.7909250e+000  0.0000000e+000  0.0000000e+000
  7.7969700e+000  0.0000000e+000  0.0000000e+000
  7.8030150e+000  0.0000000e+000  0.0000000e+000
  7.8090600e+000  0.0000000e+000  0.0000000e+000
  7.8151040e+000  0.0000000e+000  0.0000000e+000
  7.8211490e+000  0.0000000e+000  0.0000000e+000
  7.8271940e+000  0.0000000e+000  0.0000000e+000
  7.8332390e+000  0.0000000e+000  0.0000000e+000
  7.8392830e+000  0.0000000e+000  0.0000000e+000
  7.8453280e+000  0.0000000e+000  0.0000000e+000
  7.8513730e+000  0.0000000e+000  0.0000000e+000
  7.8574180e+000  0.0000000e+000  0.0000000e+000
  7.8634630e+000  0.0000000e+000  0.0000000e+000
  7.8695070e+000  0.0000000e+000  0.0000000e+000
  7.8755520e+000  0.0000000e+000  0.0000000e+000
  7.8815970e+000  0.0000000e+000  0.0000000e+000
  7.8876420e+000  0.0000000e+000  0.0000000e+000
  7.8936860e+000  0.0000000e+000  0.0000000e+000
  7.8997310e+000  0.0000000e+000  0.0000000e+000
  7.9057760e+000  0.0000000e+000  0.0000000e+000
  7.9118210e+000  0.0000000e+000  0.0000000e+000
  7.9178650e+000  0.0000000e+000  0.0000000e+000
  7.9239100e+000  0.0000000e+000  0.0000000e+000
  7.9299550e+000  0.0000000e+000  0.0000000e+000
  7.9360000e+000  0.0000000e+000  0.0000000e+000
  7.9420450e+000  0.0000000e+000  0.0000000e+000
  7.9480890e+000  0.0000000e+000  0.0000000e+000
  7.9541340e+000  0.0000000e+000  0.0000000e+000
  7.9601790e+000  0.0000000e+000  0.0000000e+000
  7.9662240e+000  0.0000000e+000  0.0000000e+000
  7.9722680e+000  0.0000000e+000  0.0000000e+000
  7.9783130e+000  0.0000000e+000  0.0000000e+000
  7.9843580e+000  0.0000000e+000  0.0000000e+000
  7.9904030e+000  0.0000000e+000  0.0000000e+000
  7.9964480e+000  0.0000000e+000  0.0000000e+000
  8.0024920e+000  0.0000000e+000  0.0000000e+000
  8.0085370e+000  0.0000000e+000  0.0000000e+000
  8.0145820e+000  0.0000000e+000  0.0000000e+000
  8.0206270e+000  0.0000000e+000  0.0000000e+000
  8.0266710e+000  0.0000000e+000  0.0000000e+000
  8.0327160e+000  0.0000000e+000  0.0000000e+000
  8.0387610e+000  0.0000000e+000  0.0000000e+000
  8.0448060e+000  0.0000000e+000  0.0000000e+000
  8.0508510e+000  0.0000000e+000  0.0000000e+000
  8.0568950e+000  0.0000000e+000  0.0000000e+000
  8.0629400e+000  0.0000000e+000  0.0000000e+000
  8.0689850e+000  0.0000000e+000  0.0000000e+000
  8.0750300e+000  0.0000000e+000  0.0000000e+000
  8.0810740e+000  0.0000000e+000  0.0000000e+000
  8.0871190e+000  0.0000000e+000  0.0000000e+000
  8.0931640e+000  0.0000000e+000  0.0000000e+000
  8.0992090e+000  0.0000000e+000  0.0000000e+000
  8.1052540e+000  0.0000000e+000  0.0000000e+000
  8.1112980e+000  0.0000000e+000  0.0000000e+000
  8.1173430e+000  0.0000000e+000  0.0000000e+000
  8.1233880e+000  0.0000000e+000  0.0000000e+000
  8.1294330e+000  0.0000000e+000  0.0000000e+000
  8.1354770e+000  0.0000000e+000  0.0000000e+000
  8.1415220e+000  0.0000000e+000  0.0000000e+000
  8.1475670e+000  0.0000000e+000  0.0000000e+000
  8.1536120e+000  0.0000000e+000  0.0000000e+000
  8.1596570e+000  0.0000000e+000  0.0000000e+000
  8.1657010e+000  0.0000000e+000  0.0000000e+000
  8.1717460e+000  0.0000000e+000  0.0000000e+000
  8.1777910e+000  0.0000000e+000  0.0000000e+000
  8.1838360e+000  0.0000000e+000  0.0000000e+000
  8.1898800e+000  0.0000000e+000  0.0000000e+000
  8.1959250e+000  0.0000000e+000  0.0000000e+000
  8.2019700e+000  0.0000000e+000  0.0000000e+000
  8.2080150e+000  0.0000000e+000  0.0000000e+000
  8.2140600e+000  0.0000000e+000  0.0000000e+000
  8.2201040e+000  0.0000000e+000  0.0000000e+000
  8.2261490e+000  0.0000000e+000  0.0000000e+000
  8.2321940e+000  0.0000000e+000  0.0000000e+000
  8.2382390e+000  0.0000000e+000  0.0000000e+000
  8.2442830e+000  0.0000000e+000  0.0000000e+000
  8.2503280e+000  0.0000000e+000  0.0000000e+000
  8.2563730e+000  0.0000000e+000  0.0000000e+000
  8.2624180e+000  0.0000000e+000  0.0000000e+000
  8.2684630e+000  0.0000000e+000  0.0000000e+000
  8.2745070e+000  0.0000000e+000  0.0000000e+000
  8.2805520e+000  0.0000000e+000  0.0000000e+000
  8.2865970e+000  0.0000000e+000  0.0000000e+000
  8.2926420e+000  0.0000000e+000  0.0000000e+000
  8.2986860e+000  0.0000000e+000  0.0000000e+000
  8.3047310e+000  0.0000000e+000  0.0000000e+000
  8.3107760e+000  0.0000000e+000  0.0000000e+000
  8.3168210e+000  0.0000000e+000  0.0000000e+000
  8.3228660e+000  0.0000000e+000  0.0000000e+000
  8.3289100e+000  0.0000000e+000  0.0000000e+000
  8.3349550e+000  0.0000000e+000  0.0000000e+000
  8.3410000e+000  0.0000000e+000  0.0000000e+000
  8.3470450e+000  0.0000000e+000  0.0000000e+000
  8.3530890e+000  0.0000000e+000  0.0000000e+000
  8.3591340e+000  0.0000000e+000  0.0000000e+000
  8.3651790e+000  0.0000000e+000  0.0000000e+000
  8.3712240e+000  0.0000000e+000  0.0000000e+000
  8.3772690e+000  0.0000000e+000  0.0000000e+000
  8.3833130e+000  0.0000000e+000  0.0000000e+000
  8.3893580e+000  0.0000000e+000  0.0000000e+000
  8.3954030e+000  0.0000000e+000  0.0000000e+000
  8.4014480e+000  0.0000000e+000  0.0000000e+000
  8.4074920e+000  0.0000000e+000  0.0000000e+000
  8.4135370e+000  0.0000000e+000  0.0000000e+000
  8.4195820e+000  0.0000000e+000  0.0000000e+000
  8.4256270e+000  0.0000000e+000  0.0000000e+000
  8.4316720e+000  0.0000000e+000  0.0000000e+000
  8.4377160e+000  0.0000000e+000  0.0000000e+000
  8.4437610e+000  0.0000000e+000  0.0000000e+000
  8.4498060e+000  0.0000000e+000  0.0000000e+000
  8.4558510e+000  0.0000000e+000  0.0000000e+000
  8.4618950e+000  0.0000000e+000  0.0000000e+000
  8.4679400e+000  0.0000000e+000  0.0000000e+000
  8.4739850e+000  0.0000000e+000  0.0000000e+000
  8.4800300e+000  0.0000000e+000  0.0000000e+000
  8.4860750e+000  0.0000000e+000  0.0000000e+000
  8.4921190e+000  0.0000000e+000  0.0000000e+000
  8.4981640e+000  0.0000000e+000  0.0000000e+000
