# Q / Ang^(-1)		D_S/D_T			D_S/D_rho
  5.2530000e-003  0.0000000e+000  0.0000000e+000
  1.1297000e-002  0.0000000e+000  0.0000000e+000
  1.7342000e-002  0.0000000e+000  0.0000000e+000
  2.3387000e-002  0.0000000e+000  0.0000000e+000
  2.9432000e-002  0.0000000e+000  0.0000000e+000
  3.5477000e-002  0.0000000e+000  0.0000000e+000
  4.1521000e-002  0.0000000e+000  0.0000000e+000
  4.7566000e-002  0.0000000e+000  0.0000000e+000
  5.3611000e-002  0.0000000e+000  0.0000000e+000
  5.9656000e-002  0.0000000e+000  0.0000000e+000
  6.5700000e-002  0.0000000e+000  0.0000000e+000
  7.1745000e-002  0.0000000e+000  0.0000000e+000
  7.7790000e-002  0.0000000e+000  0.0000000e+000
  8.3835000e-002  0.0000000e+000  0.0000000e+000
  8.9880000e-002  0.0000000e+000  0.0000000e+000
  9.5924000e-002  0.0000000e+000  0.0000000e+000
  1.0196900e-001  0.0000000e+000  0.0000000e+000
  1.0801400e-001  0.0000000e+000  0.0000000e+000
  1.1405900e-001  0.0000000e+000  0.0000000e+000
  1.2010300e-001  0.0000000e+000  0.0000000e+000
  1.2614800e-001  0.0000000e+000  0.0000000e+000
  1.3219300e-001  0.0000000e+000  0.0000000e+000
  1.3823800e-001  0.0000000e+000  0.0000000e+000
  1.4428300e-001  0.0000000e+000  0.0000000e+000
  1.5032700e-001  0.0000000e+000  0.0000000e+000
  1.5637200e-001  0.0000000e+000  0.0000000e+000
  1.6241700e-001  0.0000000e+000  0.0000000e+000
  1.6846200e-001  0.0000000e+000  0.0000000e+000
  1.7450600e-001  0.0000000e+000  0.0000000e+000
  1.8055100e-001  0.0000000e+000  0.0000000e+000
  1.8659600e-001  0.0000000e+000  0.0000000e+000
  1.9264100e-001  0.0000000e+000  0.0000000e+000
  1.9868500e-001  0.0000000e+000  0.0000000e+000
  2.0473000e-001  0.0000000e+000  0.0000000e+000
  2.1077500e-001  0.0000000e+000  0.0000000e+000
  2.1682000e-001  0.0000000e+000  0.0000000e+000
  2.2286500e-001  0.0000000e+000  0.0000000e+000
  2.2890900e-001  0.0000000e+000  0.0000000e+000
  2.3495400e-001  0.0000000e+000  0.0000000e+000
  2.4099900e-001  0.0000000e+000  0.0000000e+000
  2.4704400e-001  0.0000000e+000  0.0000000e+000
  2.5308800e-001  0.0000000e+000  0.0000000e+000
  2.5913300e-001  0.0000000e+000  0.0000000e+000
  2.6517800e-001  0.0000000e+000  0.0000000e+000
  2.7122300e-001  0.0000000e+000  0.0000000e+000
  2.7726800e-001  0.0000000e+000  0.0000000e+000
  2.8331200e-001  0.0000000e+000  0.0000000e+000
  2.8935700e-001  0.0000000e+000  0.0000000e+000
  2.9540200e-001  0.0000000e+000  0.0000000e+000
  3.0144700e-001  0.0000000e+000  0.0000000e+000
  3.0749100e-001  0.0000000e+000  0.0000000e+000
  3.1353600e-001  0.0000000e+000  0.0000000e+000
  3.1958100e-001  0.0000000e+000  0.0000000e+000
  3.2562600e-001  0.0000000e+000  0.0000000e+000
  3.3167100e-001  0.0000000e+000  0.0000000e+000
  3.3771500e-001  0.0000000e+000  0.0000000e+000
  3.4376000e-001  0.0000000e+000  0.0000000e+000
  3.4980500e-001  0.0000000e+000  0.0000000e+000
  3.5585000e-001  0.0000000e+000  0.0000000e+000
  3.6189400e-001  0.0000000e+000  0.0000000e+000
  3.6793900e-001 -7.9704000e-002  7.5081173e-001
  3.7398400e-001 -3.6125000e-002  6.8359450e-001
  3.8002900e-001 -6.1966000e-002  7.1879685e-001
  3.8607400e-001 -5.6458000e-002  7.2106448e-001
  3.9211800e-001 -5.6687000e-002  6.8950151e-001
  3.9816300e-001 -6.1263000e-002  6.9356970e-001
  4.0420800e-001 -6.2442000e-002  6.9216172e-001
  4.1025300e-001 -5.2966000e-002  6.8062491e-001
  4.1629700e-001 -6.4983000e-002  6.7548442e-001
  4.2234200e-001 -5.9385000e-002  6.8642404e-001
  4.2838700e-001 -5.7929000e-002  6.7690084e-001
  4.3443200e-001 -7.3838000e-002  6.7786407e-001
  4.4047700e-001 -5.9815000e-002  6.8367153e-001
  4.4652100e-001 -6.3954000e-002  6.8245108e-001
  4.5256600e-001 -4.6978000e-002  6.8454115e-001
  4.5861100e-001 -4.7304000e-002  6.7410134e-001
  4.6465600e-001 -5.0897000e-002  6.9193457e-001
  4.7070000e-001 -6.3434000e-002  6.8824958e-001
  4.7674500e-001 -4.0374000e-002  6.9364662e-001
  4.8279000e-001 -5.1034000e-002  6.9775684e-001
  4.8883500e-001 -4.1476000e-002  6.7813104e-001
  4.9488000e-001 -2.5462000e-002  6.7173264e-001
  5.0092400e-001 -3.8208000e-002  6.5971213e-001
  5.0696900e-001 -2.0678000e-002  6.7016885e-001
  5.1301400e-001 -2.7369000e-002  6.5675776e-001
  5.1905900e-001 -1.5493000e-002  6.6630003e-001
  5.2510300e-001 -3.1899000e-002  6.7736657e-001
  5.3114800e-001 -1.9703000e-002  6.8486891e-001
  5.3719300e-001 -3.1807000e-002  7.0365780e-001
  5.4323800e-001 -2.6458000e-002  7.0339401e-001
  5.4928300e-001 -1.8722000e-002  6.9108271e-001
  5.5532700e-001 -1.3111000e-002  6.8090891e-001
  5.6137200e-001 -1.6402000e-002  6.8287502e-001
  5.6741700e-001 -1.1503000e-002  6.8266628e-001
  5.7346200e-001 -2.3559000e-002  6.9521203e-001
  5.7950600e-001 -2.9481000e-002  7.0064285e-001
  5.8555100e-001 -3.0341000e-002  7.0239783e-001
  5.9159600e-001 -2.1519000e-002  6.8715815e-001
  5.9764100e-001 -1.5548000e-002  6.8707631e-001
  6.0368600e-001 -1.2870000e-002  6.7690234e-001
  6.0973000e-001 -1.2175000e-002  6.8210322e-001
  6.1577500e-001 -1.1998000e-002  6.8246883e-001
  6.2182000e-001 -1.4832000e-002  6.9053675e-001
  6.2786500e-001 -2.0327000e-002  6.8424371e-001
  6.3390900e-001 -9.7590000e-003  6.7444725e-001
  6.3995400e-001 -4.5660000e-003  6.7181141e-001
  6.4599900e-001 -1.0452000e-002  6.7344363e-001
  6.5204400e-001  3.0490000e-003  6.8712234e-001
  6.5808900e-001  7.3300000e-003  6.8865112e-001
  6.6413300e-001  1.2602000e-002  6.6911693e-001
  6.7017800e-001  1.2146000e-002  6.8648224e-001
  6.7622300e-001  1.8899000e-002  6.7226990e-001
  6.8226800e-001  4.3816000e-002  6.7340171e-001
  6.8831200e-001  4.6178000e-002  6.7600815e-001
  6.9435700e-001  3.3367000e-002  6.8400770e-001
  7.0040200e-001  3.6472000e-002  6.8687388e-001
  7.0644700e-001  2.0387000e-002  6.9951061e-001
  7.1249200e-001  2.0441000e-002  7.0750821e-001
  7.1853600e-001  2.2863000e-002  7.1576398e-001
  7.2458100e-001  2.2014000e-002  7.0940330e-001
  7.3062600e-001  1.8902000e-002  7.3042527e-001
  7.3667100e-001  1.5088000e-002  7.2775251e-001
  7.4271500e-001  8.4500000e-003  7.3689489e-001
  7.4876000e-001  5.9080000e-003  7.4745147e-001
  7.5480500e-001  8.3070000e-003  7.5843743e-001
  7.6085000e-001  5.6200000e-003  7.5884630e-001
  7.6689500e-001  1.6009000e-002  7.5975298e-001
  7.7293900e-001  1.4384000e-002  7.7390054e-001
  7.7898400e-001  2.0013000e-002  7.7840194e-001
  7.8502900e-001  2.4970000e-002  7.9328128e-001
  7.9107400e-001  2.0704000e-002  7.9205133e-001
  7.9711800e-001  1.6686000e-002  7.9367666e-001
  8.0316300e-001  3.1626000e-002  7.9950410e-001
  8.0920800e-001  3.5327000e-002  7.8994605e-001
  8.1525300e-001  4.7657000e-002  8.0421477e-001
  8.2129800e-001  5.3915000e-002  8.1606498e-001
  8.2734200e-001  5.1209000e-002  8.1641553e-001
  8.3338700e-001  6.0078000e-002  8.2190659e-001
  8.3943200e-001  3.9725000e-002  8.3705613e-001
  8.4547700e-001  4.3924000e-002  8.5164390e-001
  8.5152100e-001  6.4569000e-002  8.4155402e-001
  8.5756600e-001  5.6490000e-002  8.4291643e-001
  8.6361100e-001  6.6619000e-002  8.3976136e-001
  8.6965600e-001  5.7985000e-002  8.5345000e-001
  8.7570100e-001  6.9861000e-002  8.6758627e-001
  8.8174500e-001  7.4388000e-002  8.7111409e-001
  8.8779000e-001  7.0682000e-002  8.8329853e-001
  8.9383500e-001  9.0516000e-002  8.8507761e-001
  8.9988000e-001  7.1282000e-002  9.0022080e-001
  9.0592400e-001  8.2454000e-002  9.1652810e-001
  9.1196900e-001  8.5677000e-002  9.1312268e-001
  9.1801400e-001  9.5146000e-002  9.2515502e-001
  9.2405900e-001  1.0181900e-001  9.2104491e-001
  9.3010300e-001  9.8253000e-002  9.3252943e-001
  9.3614800e-001  1.0231100e-001  9.4430499e-001
  9.4219300e-001  1.0413300e-001  9.5730449e-001
  9.4823800e-001  9.5678000e-002  9.9107198e-001
  9.5428300e-001  1.1902800e-001  9.8914543e-001
  9.6032700e-001  1.0666300e-001  9.9938045e-001
  9.6637200e-001  1.1736600e-001  1.0137725e+000
  9.7241700e-001  1.2345300e-001  1.0208808e+000
  9.7846200e-001  1.1866900e-001  1.0418616e+000
  9.8450600e-001  1.3246600e-001  1.0451264e+000
  9.9055100e-001  1.1766400e-001  1.0716189e+000
  9.9659600e-001  1.1512200e-001  1.0839884e+000
  1.0026410e+000  1.1436700e-001  1.1007242e+000
  1.0086860e+000  1.1568700e-001  1.1252284e+000
  1.0147300e+000  1.2783500e-001  1.1375109e+000
  1.0207750e+000  1.2892000e-001  1.1399864e+000
  1.0268200e+000  1.4347800e-001  1.1408932e+000
  1.0328650e+000  1.3969300e-001  1.1747190e+000
  1.0389090e+000  1.3370300e-001  1.1950425e+000
  1.0449540e+000  1.5655100e-001  1.2083037e+000
  1.0509990e+000  1.4903800e-001  1.2349232e+000
  1.0570440e+000  1.5973500e-001  1.2585115e+000
  1.0630890e+000  1.4722000e-001  1.2918522e+000
  1.0691330e+000  1.6284800e-001  1.3067466e+000
  1.0751780e+000  1.6568600e-001  1.3218152e+000
  1.0812230e+000  1.6126900e-001  1.3446198e+000
  1.0872680e+000  1.7650200e-001  1.3632300e+000
  1.0933120e+000  1.8440800e-001  1.3851485e+000
  1.0993570e+000  1.8029800e-001  1.4165536e+000
  1.1054020e+000  1.9323700e-001  1.4190577e+000
  1.1114470e+000  1.8064700e-001  1.4416402e+000
  1.1174920e+000  1.9207200e-001  1.4505034e+000
  1.1235360e+000  1.9366600e-001  1.4777501e+000
  1.1295810e+000  2.0490800e-001  1.4990189e+000
  1.1356260e+000  1.9807500e-001  1.5175495e+000
  1.1416710e+000  2.0984200e-001  1.5449984e+000
  1.1477150e+000  1.9845600e-001  1.5549840e+000
  1.1537600e+000  2.0096200e-001  1.5778630e+000
  1.1598050e+000  2.0075600e-001  1.5896679e+000
  1.1658500e+000  2.0805300e-001  1.5864730e+000
  1.1718950e+000  2.1997100e-001  1.6109394e+000
  1.1779390e+000  2.1501900e-001  1.5965376e+000
  1.1839840e+000  2.2979700e-001  1.6056893e+000
  1.1900290e+000  2.3248800e-001  1.6048329e+000
  1.1960740e+000  2.6347600e-001  1.6121151e+000
  1.2021180e+000  2.5790400e-001  1.6181217e+000
  1.2081630e+000  2.6424500e-001  1.6327820e+000
  1.2142080e+000  2.8306600e-001  1.6166744e+000
  1.2202530e+000  2.6966500e-001  1.6352819e+000
  1.2262980e+000  2.6550800e-001  1.6190262e+000
  1.2323420e+000  2.6653300e-001  1.6213224e+000
  1.2383870e+000  2.7526200e-001  1.5979224e+000
  1.2444320e+000  2.7528200e-001  1.5790738e+000
  1.2504770e+000  2.7444800e-001  1.5682170e+000
  1.2565210e+000  2.5722800e-001  1.5646991e+000
  1.2625660e+000  2.6004800e-001  1.5501695e+000
  1.2686110e+000  2.2929700e-001  1.5370542e+000
  1.2746560e+000  2.3385300e-001  1.5116636e+000
  1.2807010e+000  2.3264800e-001  1.4605824e+000
  1.2867450e+000  2.2141900e-001  1.4202512e+000
  1.2927900e+000  2.1242000e-001  1.3750783e+000
  1.2988350e+000  1.7375800e-001  1.3374079e+000
  1.3048800e+000  1.7150600e-001  1.2700679e+000
  1.3109240e+000  1.6676100e-001  1.2306485e+000
  1.3169690e+000  1.7764700e-001  1.1643489e+000
  1.3230140e+000  1.5262100e-001  1.1191317e+000
  1.3290590e+000  1.7931700e-001  1.0438658e+000
  1.3351040e+000  1.4740200e-001  1.0013324e+000
  1.3411480e+000  1.4871900e-001  9.4250823e-001
  1.3471930e+000  1.1033100e-001  8.8049837e-001
  1.3532380e+000  1.1809500e-001  8.0784550e-001
  1.3592830e+000  9.7000000e-002  7.4355342e-001
  1.3653270e+000  8.5710000e-002  6.7033971e-001
  1.3713720e+000  6.5596000e-002  6.2636844e-001
  1.3774170e+000  4.2780000e-002  5.7590220e-001
  1.3834620e+000  3.7163000e-002  5.1604026e-001
  1.3895070e+000  1.6101000e-002  4.6232922e-001
  1.3955510e+000  6.9800000e-004  4.0919824e-001
  1.4015960e+000  8.4800000e-004  3.4335156e-001
  1.4076410e+000 -5.9302000e-002  2.9754217e-001
  1.4136860e+000 -3.9386000e-002  2.4437527e-001
  1.4197300e+000 -7.6231000e-002  1.9042684e-001
  1.4257750e+000 -7.0922000e-002  1.2965617e-001
  1.4318200e+000 -8.8598000e-002  8.3524612e-002
  1.4378650e+000 -1.1452200e-001  4.7640832e-002
  1.4439100e+000 -1.1890700e-001  9.7243452e-003
  1.4499540e+000 -1.4890300e-001 -3.0119699e-002
  1.4559990e+000 -1.3118500e-001 -6.2629016e-002
  1.4620440e+000 -1.5541100e-001 -9.1849441e-002
  1.4680890e+000 -1.4338500e-001 -1.1291585e-001
  1.4741330e+000 -1.6356200e-001 -1.2919882e-001
  1.4801780e+000 -1.5750200e-001 -1.5660979e-001
  1.4862230e+000 -1.7049100e-001 -1.6927098e-001
  1.4922680e+000 -1.8457200e-001 -1.7486252e-001
  1.4983130e+000 -2.1452000e-001 -1.8813270e-001
  1.5043570e+000 -2.1322800e-001 -2.0968392e-001
  1.5104020e+000 -2.2407000e-001 -2.3134892e-001
  1.5164470e+000 -2.2393300e-001 -2.3754519e-001
  1.5224920e+000 -2.1187200e-001 -2.5625733e-001
  1.5285360e+000 -2.2603000e-001 -2.6366027e-001
  1.5345810e+000 -2.0549700e-001 -2.5994883e-001
  1.5406260e+000 -2.0333200e-001 -2.6940045e-001
  1.5466710e+000 -2.1255500e-001 -2.6666874e-001
  1.5527160e+000 -2.2731300e-001 -2.6603895e-001
  1.5587600e+000 -2.1251300e-001 -2.8233761e-001
  1.5648050e+000 -2.2321500e-001 -2.8115051e-001
  1.5708500e+000 -2.1472100e-001 -2.8978424e-001
  1.5768950e+000 -2.2514600e-001 -2.8344832e-001
  1.5829390e+000 -2.2502400e-001 -2.8040942e-001
  1.5889840e+000 -2.1891500e-001 -2.7688841e-001
  1.5950290e+000 -2.1678000e-001 -2.6036268e-001
  1.6010740e+000 -1.9530100e-001 -2.7809972e-001
  1.6071180e+000 -1.9677200e-001 -2.6228035e-001
  1.6131630e+000 -1.8925400e-001 -2.6683727e-001
  1.6192080e+000 -1.9253100e-001 -2.5068745e-001
  1.6252530e+000 -1.7890100e-001 -2.6081999e-001
  1.6312980e+000 -1.8108000e-001 -2.4856708e-001
  1.6373420e+000 -1.7304200e-001 -2.3748550e-001
  1.6433870e+000 -1.8129500e-001 -2.2767434e-001
  1.6494320e+000 -1.7553400e-001 -2.2681882e-001
  1.6554770e+000 -1.7934900e-001 -2.2971570e-001
  1.6615210e+000 -1.8041500e-001 -2.3322887e-001
  1.6675660e+000 -1.7545600e-001 -2.2777329e-001
  1.6736110e+000 -1.7915000e-001 -2.2716039e-001
  1.6796560e+000 -1.6760300e-001 -2.1587730e-001
  1.6857010e+000 -1.6126200e-001 -2.2527995e-001
  1.6917450e+000 -1.6792700e-001 -2.0787787e-001
  1.6977900e+000 -1.4999300e-001 -2.0394881e-001
  1.7038350e+000 -1.4564100e-001 -2.0108135e-001
  1.7098800e+000 -1.4810100e-001 -1.9767276e-001
  1.7159240e+000 -1.3955900e-001 -2.0921963e-001
  1.7219690e+000 -1.5218900e-001 -1.8549498e-001
  1.7280140e+000 -1.2731300e-001 -1.9297418e-001
  1.7340590e+000 -1.2252800e-001 -1.7942184e-001
  1.7401040e+000 -1.4168900e-001 -1.6192774e-001
  1.7461480e+000 -1.2895100e-001 -1.7030721e-001
  1.7521930e+000 -1.4364400e-001 -1.5905648e-001
  1.7582380e+000 -1.3154200e-001 -1.7041461e-001
  1.7642830e+000 -1.2714400e-001 -1.6542954e-001
  1.7703270e+000 -1.1724800e-001 -1.7901006e-001
  1.7763720e+000 -1.1714100e-001 -1.6890599e-001
  1.7824170e+000 -1.1073300e-001 -1.6549946e-001
  1.7884620e+000 -1.0040400e-001 -1.6208311e-001
  1.7945070e+000 -1.0063300e-001 -1.6828508e-001
  1.8005510e+000 -1.0077500e-001 -1.7489842e-001
  1.8065960e+000 -1.0991600e-001 -1.7231569e-001
  1.8126410e+000 -1.0110700e-001 -1.8562196e-001
  1.8186860e+000 -1.0916400e-001 -1.6316786e-001
  1.8247300e+000 -8.6075000e-002 -1.8601328e-001
  1.8307750e+000 -9.2903000e-002 -1.6396910e-001
  1.8368200e+000 -9.3473000e-002 -1.5550771e-001
  1.8428650e+000 -9.4744000e-002 -1.6268092e-001
  1.8489100e+000 -8.2651000e-002 -1.6104015e-001
  1.8549540e+000 -8.4791000e-002 -1.7960349e-001
  1.8609990e+000 -8.1955000e-002 -1.7436216e-001
  1.8670440e+000 -6.9980000e-002 -1.6685780e-001
  1.8730890e+000 -7.7014000e-002 -1.8028978e-001
  1.8791330e+000 -7.6550000e-002 -1.6382311e-001
  1.8851780e+000 -7.7598000e-002 -1.7973109e-001
  1.8912230e+000 -7.6447000e-002 -1.7342154e-001
  1.8972680e+000 -8.9913000e-002 -1.8247497e-001
  1.9033130e+000 -8.6764000e-002 -1.8048142e-001
  1.9093570e+000 -9.7629000e-002 -1.7832523e-001
  1.9154020e+000 -8.3540000e-002 -1.7653272e-001
  1.9214470e+000 -8.9230000e-002 -1.8083257e-001
  1.9274920e+000 -9.5796000e-002 -1.8547439e-001
  1.9335360e+000 -9.0243000e-002 -1.9730827e-001
  1.9395810e+000 -9.3164000e-002 -1.8714698e-001
  1.9456260e+000 -9.4810000e-002 -1.9580598e-001
  1.9516710e+000 -9.3425000e-002 -2.0205485e-001
  1.9577160e+000 -1.0787000e-001 -1.9716584e-001
  1.9637600e+000 -9.1466000e-002 -2.0987362e-001
  1.9698050e+000 -8.1924000e-002 -2.1538237e-001
  1.9758500e+000 -9.0090000e-002 -2.2335859e-001
  1.9818950e+000 -1.0328700e-001 -2.1876818e-001
  1.9879390e+000 -9.8457000e-002 -2.3671835e-001
  1.9939840e+000 -9.5672000e-002 -2.4637025e-001
  2.0000290e+000 -1.0000200e-001 -2.5267002e-001
  2.0060740e+000 -1.0595500e-001 -2.5638099e-001
  2.0121190e+000 -9.9909000e-002 -2.7401166e-001
  2.0181630e+000 -9.9234000e-002 -2.6303323e-001
  2.0242080e+000 -8.5545000e-002 -2.9193856e-001
  2.0302530e+000 -1.0309100e-001 -2.8544924e-001
  2.0362980e+000 -9.8945000e-002 -2.8971594e-001
  2.0423420e+000 -9.1747000e-002 -3.0879694e-001
  2.0483870e+000 -1.0121200e-001 -3.1225878e-001
  2.0544320e+000 -1.0919800e-001 -2.9705001e-001
  2.0604770e+000 -1.2030200e-001 -3.1761701e-001
  2.0665220e+000 -1.3803400e-001 -3.1314740e-001
  2.0725660e+000 -1.2452100e-001 -3.1356922e-001
  2.0786110e+000 -1.3352100e-001 -3.0877028e-001
  2.0846560e+000 -1.3163000e-001 -3.0835036e-001
  2.0907010e+000 -1.2977700e-001 -3.0986607e-001
  2.0967450e+000 -1.1940500e-001 -3.2088547e-001
  2.1027900e+000 -1.0494700e-001 -3.2949589e-001
  2.1088350e+000 -1.1056300e-001 -3.5004570e-001
  2.1148800e+000 -1.0327600e-001 -3.6594283e-001
  2.1209250e+000 -1.1249400e-001 -3.6782551e-001
  2.1269690e+000 -1.0337800e-001 -3.7722929e-001
  2.1330140e+000 -1.2287300e-001 -3.7129797e-001
  2.1390590e+000 -1.0818900e-001 -3.7680880e-001
  2.1451040e+000 -1.3387700e-001 -3.6417876e-001
  2.1511480e+000 -1.0887900e-001 -3.7376206e-001
  2.1571930e+000 -1.2684700e-001 -3.7194927e-001
  2.1632380e+000 -1.1289700e-001 -3.8001073e-001
  2.1692830e+000 -1.0442000e-001 -3.9255154e-001
  2.1753280e+000 -1.1748200e-001 -3.8395864e-001
  2.1813720e+000 -1.1607200e-001 -3.9734045e-001
  2.1874170e+000 -1.1544700e-001 -3.9250513e-001
  2.1934620e+000 -1.1908100e-001 -4.0248790e-001
  2.1995070e+000 -1.1322400e-001 -4.0094266e-001
  2.2055510e+000 -9.7574000e-002 -3.9577952e-001
  2.2115960e+000 -7.6760000e-002 -4.1639576e-001
  2.2176410e+000 -8.2393000e-002 -4.0913165e-001
  2.2236860e+000 -7.6881000e-002 -4.2796153e-001
  2.2297310e+000 -9.1557000e-002 -4.1994673e-001
  2.2357750e+000 -9.1122000e-002 -4.3073661e-001
  2.2418200e+000 -7.6110000e-002 -4.3331638e-001
  2.2478650e+000 -7.5003000e-002 -4.1097720e-001
  2.2539100e+000 -8.1803000e-002 -4.0617560e-001
  2.2599540e+000 -6.8907000e-002 -3.9568577e-001
  2.2659990e+000 -5.9577000e-002 -4.0941841e-001
  2.2720440e+000 -5.5046000e-002 -3.9960209e-001
  2.2780890e+000 -5.9671000e-002 -3.8959989e-001
  2.2841340e+000 -4.7121000e-002 -3.9215531e-001
  2.2901780e+000 -3.5981000e-002 -3.8246192e-001
  2.2962230e+000 -4.1556000e-002 -3.6366573e-001
  2.3022680e+000 -2.9564000e-002 -3.5818329e-001
  2.3083130e+000 -3.9139000e-002 -3.3663457e-001
  2.3143570e+000 -1.2354000e-002 -3.4504364e-001
  2.3204020e+000 -1.2979000e-002 -3.4443797e-001
  2.3264470e+000 -2.0500000e-004 -3.4376903e-001
  2.3324920e+000  1.0573000e-002 -3.5031885e-001
  2.3385360e+000  3.1702000e-002 -3.6230262e-001
  2.3445810e+000  2.1887000e-002 -3.4705721e-001
  2.3506260e+000  3.1994000e-002 -3.3764296e-001
  2.3566710e+000  3.0932000e-002 -3.1925265e-001
  2.3627160e+000  3.7343000e-002 -2.8986176e-001
  2.3687600e+000  4.1110000e-002 -2.8220774e-001
  2.3748050e+000  4.0163000e-002 -2.7938138e-001
  2.3808500e+000  3.7769000e-002 -2.7322973e-001
  2.3868950e+000  4.2086000e-002 -2.6117855e-001
  2.3929390e+000  3.5047000e-002 -2.5234814e-001
  2.3989840e+000  3.2268000e-002 -2.5270250e-001
  2.4050290e+000  4.9482000e-002 -2.5076737e-001
  2.4110740e+000  4.2713000e-002 -2.2922598e-001
  2.4171190e+000  5.9978000e-002 -2.3117862e-001
  2.4231630e+000  6.0806000e-002 -2.1597551e-001
  2.4292080e+000  7.1701000e-002 -2.1806704e-001
  2.4352530e+000  7.2684000e-002 -2.0267299e-001
  2.4412980e+000  8.1173000e-002 -1.8099834e-001
  2.4473420e+000  8.5694000e-002 -1.6629424e-001
  2.4533870e+000  7.0693000e-002 -1.5260613e-001
  2.4594320e+000  7.6947000e-002 -1.4558741e-001
  2.4654770e+000  7.8033000e-002 -1.3264579e-001
  2.4715220e+000  8.8049000e-002 -1.3118465e-001
  2.4775660e+000  8.4905000e-002 -1.1643159e-001
  2.4836110e+000  9.0846000e-002 -1.1926309e-001
  2.4896560e+000  9.4322000e-002 -1.0866861e-001
  2.4957010e+000  1.0266100e-001 -1.0516127e-001
  2.5017450e+000  1.2051500e-001 -1.0337498e-001
  2.5077900e+000  1.2231700e-001 -8.8197924e-002
  2.5138350e+000  1.1991200e-001 -6.9854617e-002
  2.5198800e+000  1.1328900e-001 -6.9507403e-002
  2.5259250e+000  1.0884800e-001 -4.2252728e-002
  2.5319690e+000  9.9321000e-002 -2.8308143e-002
  2.5380140e+000  1.1079300e-001 -3.2156209e-002
  2.5440590e+000  1.1196500e-001 -2.0502087e-002
  2.5501040e+000  1.1800500e-001 -1.9872495e-002
  2.5561480e+000  1.2486200e-001  5.6128660e-003
  2.5621930e+000  1.2144600e-001  1.1359712e-002
  2.5682380e+000  1.3336300e-001  1.6385989e-002
  2.5742830e+000  1.3153400e-001  1.4773636e-002
  2.5803280e+000  1.2968000e-001  2.2462229e-002
  2.5863720e+000  1.3233500e-001  3.0174452e-002
  2.5924170e+000  1.3696800e-001  4.1137223e-002
  2.5984620e+000  1.3258800e-001  5.8373348e-002
  2.6045070e+000  1.2897500e-001  6.6982136e-002
  2.6105510e+000  1.3315500e-001  6.6890588e-002
  2.6165960e+000  1.4328900e-001  7.0678130e-002
  2.6226410e+000  1.3536000e-001  7.6175858e-002
  2.6286860e+000  1.3823600e-001  8.6173069e-002
  2.6347310e+000  1.3493100e-001  8.6877470e-002
  2.6407750e+000  1.3312100e-001  8.7190436e-002
  2.6468200e+000  1.2849900e-001  8.8980008e-002
  2.6528650e+000  1.3363300e-001  9.1338961e-002
  2.6589100e+000  1.2278100e-001  1.0015974e-001
  2.6649540e+000  1.3283600e-001  1.0318063e-001
  2.6709990e+000  1.2610300e-001  1.0967041e-001
  2.6770440e+000  1.3275700e-001  1.1819199e-001
  2.6830890e+000  1.4267500e-001  1.1282715e-001
  2.6891340e+000  1.2731100e-001  1.2332293e-001
  2.6951780e+000  1.3093600e-001  1.3371561e-001
  2.7012230e+000  1.2297200e-001  1.3637106e-001
  2.7072680e+000  1.1777300e-001  1.5255317e-001
  2.7133130e+000  1.2249900e-001  1.4959030e-001
  2.7193570e+000  1.1365300e-001  1.5281705e-001
  2.7254020e+000  1.1544500e-001  1.5210588e-001
  2.7314470e+000  1.1911400e-001  1.5431293e-001
  2.7374920e+000  1.0617700e-001  1.5224210e-001
  2.7435370e+000  1.1846900e-001  1.6115617e-001
  2.7495810e+000  1.1242700e-001  1.6377633e-001
  2.7556260e+000  1.0984600e-001  1.7547515e-001
  2.7616710e+000  1.0978200e-001  1.7701033e-001
  2.7677160e+000  1.1514500e-001  1.8859925e-001
  2.7737600e+000  1.1258700e-001  1.9134487e-001
  2.7798050e+000  1.1798900e-001  1.8188355e-001
  2.7858500e+000  1.0960400e-001  1.8611759e-001
  2.7918950e+000  1.0298900e-001  1.8339478e-001
  2.7979400e+000  1.1265300e-001  1.8043593e-001
  2.8039840e+000  1.0077100e-001  1.7973293e-001
  2.8100290e+000  1.1591600e-001  1.8453840e-001
  2.8160740e+000  1.1163800e-001  1.7949898e-001
  2.8221190e+000  1.0711400e-001  1.8255752e-001
  2.8281630e+000  1.0699500e-001  1.8968599e-001
  2.8342080e+000  1.1143600e-001  1.8778231e-001
  2.8402530e+000  1.0359900e-001  2.0497328e-001
  2.8462980e+000  1.1143300e-001  1.9669695e-001
  2.8523430e+000  9.8342000e-002  2.0373530e-001
  2.8583870e+000  1.0069900e-001  1.9904013e-001
  2.8644320e+000  9.3319000e-002  2.1487391e-001
  2.8704770e+000  8.4546000e-002  2.1871557e-001
  2.8765220e+000  8.4171000e-002  2.1137477e-001
  2.8825660e+000  8.7497000e-002  2.1107094e-001
  2.8886110e+000  7.3619000e-002  2.0516419e-001
  2.8946560e+000  7.2854000e-002  2.0282877e-001
  2.9007010e+000  7.0695000e-002  2.1161511e-001
  2.9067460e+000  6.3534000e-002  2.1323563e-001
  2.9127900e+000  6.3610000e-002  2.1061491e-001
  2.9188350e+000  6.2216000e-002  2.1719368e-001
  2.9248800e+000  6.3335000e-002  2.0480233e-001
  2.9309250e+000  5.3202000e-002  2.1185891e-001
  2.9369690e+000  4.9932000e-002  2.0920758e-001
  2.9430140e+000  4.3239000e-002  2.0533225e-001
  2.9490590e+000  4.5020000e-002  1.9427974e-001
  2.9551040e+000  4.2790000e-002  1.8800542e-001
  2.9611490e+000  3.7802000e-002  1.9259230e-001
  2.9671930e+000  3.2964000e-002  1.9573649e-001
  2.9732380e+000  1.6030000e-002  2.0645455e-001
  2.9792830e+000  1.9640000e-002  1.9838339e-001
  2.9853280e+000  9.2540000e-003  1.9854508e-001
  2.9913720e+000  1.5030000e-002  1.8667143e-001
  2.9974170e+000  1.5392000e-002  1.8771264e-001
  3.0034620e+000  1.4103000e-002  1.8558323e-001
  3.0095070e+000  1.9623000e-002  1.8465632e-001
  3.0155510e+000  1.5990000e-002  1.7289266e-001
  3.0215960e+000  1.4696000e-002  1.7169664e-001
  3.0276410e+000  6.3180000e-003  1.7683754e-001
  3.0336860e+000 -1.1510000e-003  1.7949144e-001
  3.0397310e+000 -6.4100000e-003  1.7562423e-001
  3.0457750e+000 -1.0404000e-002  1.7966349e-001
  3.0518200e+000 -1.6732000e-002  1.8085273e-001
  3.0578650e+000 -1.8650000e-002  1.7412750e-001
  3.0639100e+000 -2.6246000e-002  1.6760890e-001
  3.0699540e+000 -1.5003000e-002  1.5623187e-001
  3.0759990e+000 -2.6912000e-002  1.5609357e-001
  3.0820440e+000 -1.7627000e-002  1.5765643e-001
  3.0880890e+000 -2.9729000e-002  1.5990556e-001
  3.0941340e+000 -2.7230000e-002  1.5211473e-001
  3.1001780e+000 -2.6886000e-002  1.4815374e-001
  3.1062230e+000 -2.5172000e-002  1.3663405e-001
  3.1122680e+000 -2.4419000e-002  1.3320801e-001
  3.1183130e+000 -3.8827000e-002  1.2865353e-001
  3.1243570e+000 -3.3327000e-002  1.2372318e-001
  3.1304020e+000 -4.8163000e-002  1.3212444e-001
  3.1364470e+000 -5.0633000e-002  1.2398681e-001
  3.1424920e+000 -5.1939000e-002  1.1479933e-001
  3.1485370e+000 -4.9383000e-002  1.1047746e-001
  3.1545810e+000 -5.1022000e-002  1.1070031e-001
  3.1606260e+000 -5.6310000e-002  1.0393955e-001
  3.1666710e+000 -4.5906000e-002  9.7520063e-002
  3.1727160e+000 -6.0598000e-002  9.8537909e-002
  3.1787600e+000 -5.5845000e-002  1.0222633e-001
  3.1848050e+000 -5.4198000e-002  8.8968462e-002
  3.1908500e+000 -6.1616000e-002  8.5946593e-002
  3.1968950e+000 -6.2331000e-002  8.3747279e-002
  3.2029400e+000 -6.3663000e-002  7.5577618e-002
  3.2089840e+000 -6.8058000e-002  7.3770910e-002
  3.2150290e+000 -7.0882000e-002  7.5600050e-002
  3.2210740e+000 -6.6196000e-002  6.9536294e-002
  3.2271190e+000 -6.7949000e-002  6.4464221e-002
  3.2331630e+000 -6.7213000e-002  5.6366100e-002
  3.2392080e+000 -7.0105000e-002  5.3005935e-002
  3.2452530e+000 -7.0458000e-002  4.3863828e-002
  3.2512980e+000 -7.7373000e-002  4.3868384e-002
  3.2573430e+000 -7.0616000e-002  4.3716533e-002
  3.2633870e+000 -8.6402000e-002  4.5701783e-002
  3.2694320e+000 -8.1106000e-002  3.5218518e-002
  3.2754770e+000 -8.1189000e-002  3.1018382e-002
  3.2815220e+000 -7.6970000e-002  2.2036597e-002
  3.2875660e+000 -8.1354000e-002  2.0578233e-002
  3.2936110e+000 -8.5064000e-002  2.8322176e-002
  3.2996560e+000 -7.9998000e-002  8.2628246e-003
  3.3057010e+000 -8.7405000e-002  1.9379298e-002
  3.3117460e+000 -8.2666000e-002  1.7540144e-003
  3.3177900e+000 -9.2352000e-002  3.8231819e-003
  3.3238350e+000 -9.0565000e-002  2.9184064e-003
  3.3298800e+000 -9.5886000e-002 -1.7643822e-003
  3.3359250e+000 -9.2019000e-002 -4.6471528e-003
  3.3419690e+000 -8.3271000e-002 -8.1328668e-003
  3.3480140e+000 -9.3423000e-002 -8.7356062e-003
  3.3540590e+000 -8.3963000e-002 -2.1650372e-002
  3.3601040e+000 -8.1139000e-002 -2.7039512e-002
  3.3661490e+000 -7.0403000e-002 -3.0834456e-002
  3.3721930e+000 -7.3583000e-002 -2.4482790e-002
  3.3782380e+000 -7.2824000e-002 -2.1464103e-002
  3.3842830e+000 -7.4666000e-002 -2.8011044e-002
  3.3903280e+000 -7.8799000e-002 -3.5263756e-002
  3.3963720e+000 -8.8338000e-002 -4.0485637e-002
  3.4024170e+000 -8.6920000e-002 -3.7101474e-002
  3.4084620e+000 -9.2724000e-002 -3.8611246e-002
  3.4145070e+000 -7.9930000e-002 -3.6808871e-002
  3.4205520e+000 -9.3177000e-002 -3.5006565e-002
  3.4265960e+000 -8.8739000e-002 -3.6635607e-002
  3.4326410e+000 -8.0547000e-002 -4.4556218e-002
  3.4386860e+000 -7.6678000e-002 -4.7437745e-002
  3.4447310e+000 -7.9555000e-002 -4.6440077e-002
  3.4507750e+000 -7.3370000e-002 -3.9722779e-002
  3.4568200e+000 -8.1719000e-002 -4.8367340e-002
  3.4628650e+000 -7.5224000e-002 -4.3304185e-002
  3.4689100e+000 -7.3898000e-002 -4.4380257e-002
  3.4749550e+000 -7.7296000e-002 -4.0381213e-002
  3.4809990e+000 -6.8339000e-002 -4.2039405e-002
  3.4870440e+000 -7.3378000e-002 -4.0141756e-002
  3.4930890e+000 -6.6269000e-002 -4.1377621e-002
  3.4991340e+000 -6.9791000e-002 -5.3152720e-002
  3.5051780e+000 -6.2039000e-002 -5.8498063e-002
  3.5112230e+000 -6.6789000e-002 -5.5430122e-002
  3.5172680e+000 -5.6810000e-002 -6.3933509e-002
  3.5233130e+000 -5.8303000e-002 -6.1037831e-002
  3.5293580e+000 -6.7900000e-002 -5.6897795e-002
  3.5354020e+000 -6.6298000e-002 -6.2462162e-002
  3.5414470e+000 -6.4048000e-002 -6.7137397e-002
  3.5474920e+000 -6.5918000e-002 -5.8319758e-002
  3.5535370e+000 -5.6964000e-002 -6.0973315e-002
  3.5595810e+000 -5.4372000e-002 -6.0498786e-002
  3.5656260e+000 -5.7045000e-002 -5.2675207e-002
  3.5716710e+000 -5.5395000e-002 -5.4048713e-002
  3.5777160e+000 -5.6764000e-002 -5.3936892e-002
  3.5837610e+000 -5.4972000e-002 -5.7080057e-002
  3.5898050e+000 -5.5609000e-002 -6.0477846e-002
  3.5958500e+000 -5.1126000e-002 -6.1446392e-002
  3.6018950e+000 -4.7278000e-002 -6.2774483e-002
  3.6079400e+000 -4.2352000e-002 -6.2783931e-002
  3.6139840e+000 -4.7469000e-002 -6.3932807e-002
  3.6200290e+000 -4.2701000e-002 -6.4018550e-002
  3.6260740e+000 -4.2469000e-002 -6.7125219e-002
  3.6321190e+000 -4.1201000e-002 -6.6604373e-002
  3.6381640e+000 -3.6036000e-002 -7.4813635e-002
  3.6442080e+000 -3.1426000e-002 -6.9739672e-002
  3.6502530e+000 -3.5848000e-002 -6.7725677e-002
  3.6562980e+000 -3.3422000e-002 -6.1513419e-002
  3.6623430e+000 -2.7250000e-002 -5.9909709e-002
  3.6683870e+000 -3.8371000e-002 -5.6271780e-002
  3.6744320e+000 -3.7874000e-002 -6.1791088e-002
  3.6804770e+000 -3.9733000e-002 -6.1401104e-002
  3.6865220e+000 -4.2194000e-002 -5.8137636e-002
  3.6925670e+000 -4.5814000e-002 -6.0223702e-002
  3.6986110e+000 -3.9702000e-002 -5.9701319e-002
  3.7046560e+000 -3.5307000e-002 -6.0139611e-002
  3.7107010e+000 -3.8094000e-002 -5.9226953e-002
  3.7167460e+000 -3.9605000e-002 -5.7198473e-002
  3.7227900e+000 -3.5064000e-002 -4.7377937e-002
  3.7288350e+000 -3.9613000e-002 -5.2810450e-002
  3.7348800e+000 -4.2681000e-002 -6.0229108e-002
  3.7409250e+000 -3.6498000e-002 -6.1307053e-002
  3.7469690e+000 -4.3072000e-002 -6.0982856e-002
  3.7530140e+000 -3.4860000e-002 -6.0138025e-002
  3.7590590e+000 -3.6709000e-002 -5.4787820e-002
  3.7651040e+000 -3.9359000e-002 -5.1411432e-002
  3.7711490e+000 -2.4564000e-002 -6.1650700e-002
  3.7771930e+000 -2.6030000e-002 -5.3600725e-002
  3.7832380e+000 -2.8529000e-002 -5.0297897e-002
  3.7892830e+000 -3.5680000e-002 -5.2841161e-002
  3.7953280e+000 -3.3151000e-002 -5.4347325e-002
  3.8013720e+000 -3.3008000e-002 -4.9442863e-002
  3.8074170e+000 -2.8228000e-002 -5.1089140e-002
  3.8134620e+000 -2.7021000e-002 -4.8487744e-002
  3.8195070e+000 -1.7058000e-002 -4.3913085e-002
  3.8255520e+000 -1.6930000e-002 -4.9413453e-002
  3.8315960e+000 -1.7027000e-002 -5.3492299e-002
  3.8376410e+000 -9.1090000e-003 -6.2640371e-002
  3.8436860e+000 -1.3397000e-002 -5.9010011e-002
  3.8497310e+000 -1.4926000e-002 -5.7496729e-002
  3.8557750e+000 -1.3047000e-002 -5.1830270e-002
  3.8618200e+000 -1.9338000e-002 -5.3394513e-002
  3.8678650e+000 -1.5121000e-002 -5.5386542e-002
  3.8739100e+000 -1.5661000e-002 -5.3300486e-002
  3.8799550e+000 -1.9877000e-002 -4.6124334e-002
  3.8859990e+000 -1.0599000e-002 -4.6458326e-002
  3.8920440e+000 -4.7770000e-003 -5.5159356e-002
  3.8980890e+000 -1.0521000e-002 -5.2240801e-002
  3.9041340e+000 -9.2340000e-003 -5.0071635e-002
  3.9101780e+000 -9.1670000e-003 -5.2757453e-002
  3.9162230e+000 -7.9650000e-003 -4.4954668e-002
  3.9222680e+000 -7.8930000e-003 -4.8589875e-002
  3.9283130e+000 -5.9650000e-003 -4.5214432e-002
  3.9343580e+000 -2.5650000e-003 -4.9552232e-002
  3.9404020e+000 -3.7880000e-003 -5.3882582e-002
  3.9464470e+000 -2.7900000e-004 -4.7348071e-002
  3.9524920e+000  1.5220000e-003 -4.6991137e-002
  3.9585370e+000  4.4070000e-003 -5.0722827e-002
  3.9645810e+000  3.3620000e-003 -5.4671440e-002
  3.9706260e+000  8.2700000e-004 -4.9650009e-002
  3.9766710e+000 -1.7340000e-003 -4.8273752e-002
  3.9827160e+000 -5.6520000e-003 -4.1265209e-002
  3.9887610e+000 -4.0130000e-003 -4.4246059e-002
  3.9948050e+000 -6.1420000e-003 -3.5874047e-002
  4.0008500e+000 -1.9630000e-003 -3.8698717e-002
  4.0068950e+000  2.8500000e-004 -3.7072196e-002
  4.0129400e+000  2.4420000e-003 -4.3014788e-002
  4.0189840e+000 -3.2580000e-003 -4.2668860e-002
  4.0250290e+000 -1.1008000e-002 -3.3535272e-002
  4.0310740e+000 -1.4144000e-002 -3.1082233e-002
  4.0371190e+000 -3.1410000e-003 -3.9205572e-002
  4.0431640e+000  2.1800000e-004 -3.9330378e-002
  4.0492080e+000 -3.5300000e-004 -4.0470108e-002
  4.0552530e+000  6.8700000e-004 -3.5663105e-002
  4.0612980e+000  2.3350000e-003 -3.2701855e-002
  4.0673430e+000  7.0310000e-003 -3.4169390e-002
  4.0733870e+000  1.3365000e-002 -3.8860896e-002
  4.0794320e+000  1.9786000e-002 -3.9277778e-002
  4.0854770e+000  1.6919000e-002 -4.2051890e-002
  4.0915220e+000  1.0018000e-002 -4.3593624e-002
  4.0975670e+000  1.6656000e-002 -4.0855007e-002
  4.1036110e+000  1.4853000e-002 -3.2553185e-002
  4.1096560e+000  1.4383000e-002 -3.3982580e-002
  4.1157010e+000  1.2602000e-002 -3.5597072e-002
  4.1217460e+000  1.9733000e-002 -3.3141251e-002
  4.1277900e+000  2.4651000e-002 -3.9276675e-002
  4.1338350e+000  2.4878000e-002 -3.6227955e-002
  4.1398800e+000  2.2937000e-002 -3.1764985e-002
  4.1459250e+000  2.4257000e-002 -3.5635790e-002
  4.1519700e+000  2.6614000e-002 -3.3543958e-002
  4.1580140e+000  3.9347000e-002 -3.5364033e-002
  4.1640590e+000  3.8197000e-002 -3.0586468e-002
  4.1701040e+000  4.0209000e-002 -3.2125768e-002
  4.1761490e+000  4.0627000e-002 -3.4306722e-002
  4.1821930e+000  3.6536000e-002 -2.2656306e-002
  4.1882380e+000  3.2646000e-002 -2.0231344e-002
  4.1942830e+000  3.4690000e-002 -2.7211735e-002
  4.2003280e+000  2.8583000e-002 -2.8065508e-002
  4.2063730e+000  3.1220000e-002 -3.1820484e-002
  4.2124170e+000  3.2417000e-002 -3.5645309e-002
  4.2184620e+000  3.6872000e-002 -2.9589274e-002
  4.2245070e+000  3.6357000e-002 -2.8627165e-002
  4.2305520e+000  2.9054000e-002 -1.7973991e-002
  4.2365960e+000  3.1469000e-002 -1.4477077e-002
  4.2426410e+000  2.6646000e-002 -2.2120051e-002
  4.2486860e+000  2.4327000e-002 -2.5260242e-002
  4.2547310e+000  2.8700000e-002 -2.5215221e-002
  4.2607760e+000  3.3758000e-002 -2.2492549e-002
  4.2668200e+000  2.9006000e-002 -1.1410853e-002
  4.2728650e+000  3.5347000e-002 -8.3675040e-003
  4.2789100e+000  3.5887000e-002 -1.2450560e-002
  4.2849550e+000  3.0601000e-002 -1.0938075e-002
  4.2909990e+000  2.3263000e-002 -6.1731749e-003
  4.2970440e+000  2.8255000e-002 -1.0194563e-002
  4.3030890e+000  3.5701000e-002 -1.3428274e-002
  4.3091340e+000  3.7152000e-002 -8.3640815e-003
  4.3151790e+000  4.1067000e-002 -7.9069905e-003
  4.3212230e+000  3.7383000e-002 -7.8198723e-003
  4.3272680e+000  4.6410000e-002 -9.8635154e-003
  4.3333130e+000  4.1619000e-002 -8.6945815e-003
  4.3393580e+000  4.4305000e-002 -8.9825733e-003
  4.3454020e+000  3.6374000e-002 -4.9700891e-003
  4.3514470e+000  2.7109000e-002 -1.8795100e-003
  4.3574920e+000  2.9054000e-002 -1.1789910e-003
  4.3635370e+000  3.3011000e-002 -1.1997711e-003
  4.3695820e+000  3.3125000e-002 -3.4038497e-003
  4.3756260e+000  2.9094000e-002 -5.4611063e-003
  4.3816710e+000  4.0418000e-002 -6.1552450e-003
  4.3877160e+000  4.2140000e-002 -8.2129582e-003
  4.3937610e+000  4.3340000e-002 -8.8174169e-003
  4.3998050e+000  3.9130000e-002 -7.0015326e-003
  4.4058500e+000  3.2252000e-002 -3.2364585e-003
  4.4118950e+000  3.0853000e-002  4.0769881e-004
  4.4179400e+000  3.4130000e-002 -4.1621213e-003
  4.4239840e+000  3.4456000e-002 -1.0403110e-003
  4.4300290e+000  4.5341000e-002 -4.7120593e-003
  4.4360740e+000  3.8910000e-002 -4.8139851e-004
  4.4421190e+000  3.3154000e-002  5.1536917e-003
  4.4481640e+000  3.6682000e-002  2.3315231e-003
  4.4542080e+000  2.9398000e-002  1.0322017e-002
  4.4602530e+000  3.7790000e-002  5.4698296e-003
  4.4662980e+000  4.7490000e-002  9.8053717e-003
  4.4723430e+000  4.7533000e-002  5.4766228e-003
  4.4783870e+000  5.0126000e-002  3.9092741e-003
  4.4844320e+000  4.3890000e-002  6.7487479e-003
  4.4904770e+000  4.2087000e-002  1.5797570e-002
  4.4965220e+000  4.2314000e-002  1.2026290e-002
  4.5025670e+000  4.2286000e-002  1.7495871e-002
  4.5086110e+000  4.0160000e-002  1.7929249e-002
  4.5146560e+000  4.0667000e-002  1.2947162e-002
  4.5207010e+000  3.4538000e-002  1.6983703e-002
  4.5267460e+000  3.3485000e-002  2.2178113e-002
  4.5327900e+000  2.9642000e-002  2.4515814e-002
  4.5388350e+000  3.1084000e-002  2.0327908e-002
  4.5448800e+000  3.1654000e-002  2.1068515e-002
  4.5509250e+000  2.9525000e-002  1.9034526e-002
  4.5569700e+000  3.1508000e-002  1.9305686e-002
  4.5630140e+000  2.9769000e-002  2.3607323e-002
  4.5690590e+000  3.1884000e-002  2.4848602e-002
  4.5751040e+000  2.2667000e-002  2.8876043e-002
  4.5811490e+000  2.4443000e-002  2.7920924e-002
  4.5871930e+000  3.2122000e-002  1.9427666e-002
  4.5932380e+000  2.7270000e-002  1.9335151e-002
  4.5992830e+000  2.8281000e-002  1.8130612e-002
  4.6053280e+000  2.9021000e-002  1.8397979e-002
  4.6113730e+000  2.2494000e-002  2.1632917e-002
  4.6174170e+000  2.6546000e-002  2.0150738e-002
  4.6234620e+000  2.1037000e-002  1.7239991e-002
  4.6295070e+000  1.6801000e-002  2.3976700e-002
  4.6355520e+000  1.5366000e-002  2.8270461e-002
  4.6415960e+000  1.3036000e-002  3.0946927e-002
  4.6476410e+000  1.7841000e-002  2.8242703e-002
  4.6536860e+000  1.2785000e-002  2.6326275e-002
  4.6597310e+000  9.2220000e-003  3.2293170e-002
  4.6657760e+000  1.2493000e-002  3.0726617e-002
  4.6718200e+000  8.3670000e-003  3.9403759e-002
  4.6778650e+000  6.4470000e-003  3.7931293e-002
  4.6839100e+000  6.4940000e-003  3.5997033e-002
  4.6899550e+000  2.3700000e-003  3.8975419e-002
  4.6959990e+000  5.6880000e-003  4.2254606e-002
  4.7020440e+000  7.8230000e-003  4.2342327e-002
  4.7080890e+000  4.8040000e-003  4.1985654e-002
  4.7141340e+000  6.7400000e-003  3.7440074e-002
  4.7201790e+000  4.5390000e-003  3.9644292e-002
  4.7262230e+000 -5.1000000e-004  3.7001720e-002
  4.7322680e+000  4.5300000e-004  3.6638319e-002
  4.7383130e+000  4.0430000e-003  3.7831722e-002
  4.7443580e+000 -3.7350000e-003  4.3796890e-002
  4.7504020e+000 -7.2540000e-003  4.5869158e-002
  4.7564470e+000 -2.2340000e-003  3.4577189e-002
  4.7624920e+000  3.2210000e-003  2.9659341e-002
  4.7685370e+000  4.1590000e-003  2.9263888e-002
  4.7745820e+000  3.1440000e-003  2.6670938e-002
  4.7806260e+000 -3.1810000e-003  3.1166543e-002
  4.7866710e+000 -2.0690000e-003  3.0386338e-002
  4.7927160e+000  4.3800000e-003  3.3476876e-002
  4.7987610e+000  2.2650000e-003  3.4425597e-002
  4.8048050e+000 -1.5360000e-003  3.9930427e-002
  4.8108500e+000 -8.9500000e-004  3.3314705e-002
  4.8168950e+000 -6.4850000e-003  3.2182066e-002
  4.8229400e+000 -5.4610000e-003  3.3049115e-002
  4.8289850e+000 -9.0350000e-003  3.4251666e-002
  4.8350290e+000 -1.0378000e-002  3.5225662e-002
  4.8410740e+000 -9.5790000e-003  3.4522234e-002
  4.8471190e+000 -1.2360000e-002  3.9914625e-002
  4.8531640e+000 -1.8517000e-002  4.1981746e-002
  4.8592080e+000 -1.8950000e-002  3.7893869e-002
  4.8652530e+000 -2.1625000e-002  3.4890204e-002
  4.8712980e+000 -2.1412000e-002  2.9775215e-002
  4.8773430e+000 -1.8804000e-002  2.5314698e-002
  4.8833880e+000 -2.3507000e-002  2.5267378e-002
  4.8894320e+000 -2.2811000e-002  2.4858372e-002
  4.8954770e+000 -2.7840000e-002  3.5387242e-002
  4.9015220e+000 -2.4267000e-002  3.3216569e-002
  4.9075670e+000 -2.8742000e-002  3.4495092e-002
  4.9136110e+000 -2.9244000e-002  2.9070789e-002
  4.9196560e+000 -3.1653000e-002  2.9727607e-002
  4.9257010e+000 -2.9676000e-002  2.7301034e-002
  4.9317460e+000 -3.0656000e-002  2.9035358e-002
  4.9377910e+000 -2.3768000e-002  2.6361505e-002
  4.9438350e+000 -2.2456000e-002  2.7414724e-002
  4.9498800e+000 -1.9870000e-002  2.6628520e-002
  4.9559250e+000 -3.1463000e-002  3.5144809e-002
  4.9619700e+000 -3.9666000e-002  3.3818077e-002
  4.9680140e+000 -3.9273000e-002  3.3349070e-002
  4.9740590e+000 -4.3997000e-002  4.0543186e-002
  4.9801040e+000 -4.0112000e-002  3.4170613e-002
  4.9861490e+000 -2.8187000e-002  3.4286867e-002
  4.9921940e+000 -2.8638000e-002  3.1216792e-002
  4.9982380e+000 -3.4545000e-002  3.1228442e-002
  5.0042830e+000 -3.5699000e-002  3.0052519e-002
  5.0103280e+000 -3.4289000e-002  2.1107705e-002
  5.0163730e+000 -3.0709000e-002  1.5467886e-002
  5.0224170e+000 -2.7696000e-002  9.4078269e-003
  5.0284620e+000 -2.6721000e-002  1.1283892e-002
  5.0345070e+000 -2.9489000e-002  1.4706870e-002
  5.0405520e+000 -2.5153000e-002  1.3134372e-002
  5.0465970e+000 -3.4548000e-002  1.6205076e-002
  5.0526410e+000 -3.2648000e-002  1.7488100e-002
  5.0586860e+000 -3.3994000e-002  1.5702729e-002
  5.0647310e+000 -3.5796000e-002  1.3016673e-002
  5.0707760e+000 -3.7275000e-002  1.3704061e-002
  5.0768200e+000 -2.4170000e-002  1.0251414e-002
  5.0828650e+000 -2.5996000e-002  5.1814271e-003
  5.0889100e+000 -2.6573000e-002 -2.3400349e-003
  5.0949550e+000 -2.7224000e-002  5.7904665e-003
  5.1009990e+000 -3.0697000e-002  1.2099352e-002
  5.1070440e+000 -3.9873000e-002  1.3891799e-002
  5.1130890e+000 -4.5275000e-002  1.8086119e-002
  5.1191340e+000 -4.7670000e-002  2.3261647e-002
  5.1251790e+000 -4.4067000e-002  2.3194637e-002
  5.1312230e+000 -3.4848000e-002  1.7664441e-002
  5.1372680e+000 -3.7887000e-002  1.1353325e-002
  5.1433130e+000 -3.3751000e-002  6.5364040e-003
  5.1493580e+000 -3.8813000e-002  5.0722439e-003
  5.1554020e+000 -3.9337000e-002  2.7772542e-003
  5.1614470e+000 -3.5796000e-002 -8.5753268e-003
  5.1674920e+000 -3.5383000e-002 -1.0774892e-002
  5.1735370e+000 -3.5047000e-002 -8.8688606e-003
  5.1795820e+000 -3.0100000e-002 -1.0843744e-002
  5.1856260e+000 -3.3568000e-002 -6.0332485e-003
  5.1916710e+000 -3.2235000e-002 -4.6314655e-003
  5.1977160e+000 -4.2181000e-002 -5.9104863e-004
  5.2037610e+000 -3.6440000e-002 -1.5629707e-003
  5.2098050e+000 -3.5639000e-002 -5.2931543e-003
  5.2158500e+000 -3.2926000e-002 -7.3768489e-003
  5.2218950e+000 -3.1730000e-002 -9.6607961e-003
  5.2279400e+000 -3.4220000e-002 -1.4048693e-003
  5.2339850e+000 -3.8763000e-002 -7.3265018e-004
  5.2400290e+000 -4.2978000e-002 -1.6343765e-003
  5.2460740e+000 -4.9596000e-002 -1.7755172e-004
  5.2521190e+000 -4.6394000e-002 -3.2825307e-003
  5.2581640e+000 -3.9616000e-002 -5.3718166e-003
  5.2642080e+000 -3.7822000e-002 -3.3187374e-003
  5.2702530e+000 -3.5838000e-002 -4.4874558e-003
  5.2762980e+000 -3.2928000e-002 -7.0340931e-003
  5.2823430e+000 -3.6830000e-002 -4.7859657e-004
  5.2883880e+000 -3.7525000e-002  1.6035316e-003
  5.2944320e+000 -3.6450000e-002 -4.1551918e-003
  5.3004770e+000 -3.8156000e-002 -3.8745247e-003
  5.3065220e+000 -3.5806000e-002 -5.4555480e-003
  5.3125670e+000 -3.3638000e-002 -1.0592797e-002
  5.3186110e+000 -3.3920000e-002 -1.7243234e-002
  5.3246560e+000 -3.2957000e-002 -1.6696635e-002
  5.3307010e+000 -3.7599000e-002 -1.0127505e-002
  5.3367460e+000 -3.5063000e-002 -1.1646815e-002
  5.3427910e+000 -3.4509000e-002 -1.3439161e-002
  5.3488350e+000 -3.7689000e-002 -1.4365496e-002
  5.3548800e+000 -4.0076000e-002 -1.3059991e-002
  5.3609250e+000 -3.6195000e-002 -9.9680518e-003
  5.3669700e+000 -2.2704000e-002 -1.7148561e-002
  5.3730140e+000 -2.3968000e-002 -1.3466918e-002
  5.3790590e+000 -2.6838000e-002 -1.2535396e-002
  5.3851040e+000 -3.0308000e-002 -1.1826145e-002
  5.3911490e+000 -2.8045000e-002 -1.2057792e-002
  5.3971940e+000 -2.4926000e-002 -1.3953907e-002
  5.4032380e+000 -2.4728000e-002 -1.6489728e-002
  5.4092830e+000 -2.0776000e-002 -2.4827118e-002
  5.4153280e+000 -2.1424000e-002 -2.0212251e-002
  5.4213730e+000 -2.0857000e-002 -1.9266010e-002
  5.4274170e+000 -1.8193000e-002 -2.5297688e-002
  5.4334620e+000 -2.1496000e-002 -1.6122043e-002
  5.4395070e+000 -1.9715000e-002 -1.7667551e-002
  5.4455520e+000 -2.4578000e-002 -1.6127410e-002
  5.4515970e+000 -2.1540000e-002 -1.4725416e-002
  5.4576410e+000 -2.5674000e-002 -1.1307251e-002
  5.4636860e+000 -1.2564000e-002 -1.9746287e-002
  5.4697310e+000 -9.6480000e-003 -2.0224192e-002
  5.4757760e+000 -1.4333000e-002 -1.9715314e-002
  5.4818200e+000 -1.5877000e-002 -1.6925863e-002
  5.4878650e+000 -1.9951000e-002 -1.7354371e-002
  5.4939100e+000 -2.1731000e-002 -1.6582741e-002
  5.4999550e+000 -1.7766000e-002 -1.9258544e-002
  5.5060000e+000 -1.2742000e-002 -1.7492024e-002
  5.5120440e+000 -1.1971000e-002 -1.7889872e-002
  5.5180890e+000 -8.5160000e-003 -1.7750955e-002
  5.5241340e+000 -9.6450000e-003 -1.6968826e-002
  5.5301790e+000 -9.7420000e-003 -1.9055671e-002
  5.5362230e+000 -1.5948000e-002 -1.6005534e-002
  5.5422680e+000 -1.6176000e-002 -1.6019377e-002
  5.5483130e+000 -1.5333000e-002 -1.6553431e-002
  5.5543580e+000 -1.1943000e-002 -1.7700452e-002
  5.5604030e+000 -1.4342000e-002 -1.5993413e-002
  5.5664470e+000 -1.2672000e-002 -1.5879476e-002
  5.5724920e+000 -9.7420000e-003 -1.8011671e-002
  5.5785370e+000 -9.9100000e-004 -2.1036019e-002
  5.5845820e+000 -3.6190000e-003 -1.8298944e-002
  5.5906260e+000  5.0000000e-006 -1.8890389e-002
  5.5966710e+000 -3.7080000e-003 -1.1526813e-002
  5.6027160e+000 -4.5300000e-003 -9.9171934e-003
  5.6087610e+000 -1.0587000e-002 -9.1208606e-003
  5.6148060e+000 -1.0363000e-002 -1.0066506e-002
  5.6208500e+000 -6.0640000e-003 -9.0865220e-003
  5.6268950e+000 -4.7550000e-003 -1.1513670e-002
  5.6329400e+000 -6.9370000e-003 -1.1704131e-002
  5.6389850e+000 -2.5090000e-003 -1.8350393e-002
  5.6450290e+000 -2.4320000e-003 -1.3391990e-002
  5.6510740e+000  1.1900000e-004 -7.3064680e-003
  5.6571190e+000  1.6720000e-003 -6.1888191e-003
  5.6631640e+000  2.9430000e-003 -9.8026075e-003
  5.6692090e+000  4.4460000e-003 -1.1332065e-002
  5.6752530e+000  8.1040000e-003 -9.3143578e-003
  5.6812980e+000  6.4620000e-003 -1.2777875e-002
  5.6873430e+000  5.1400000e-003 -1.2310315e-002
  5.6933880e+000  9.9100000e-004 -7.7939813e-003
  5.6994320e+000 -5.4080000e-003 -4.1134128e-003
  5.7054770e+000 -4.7980000e-003 -6.8829209e-003
  5.7115220e+000  8.0200000e-004 -4.7210616e-003
  5.7175670e+000  3.0950000e-003 -9.3560456e-003
  5.7236120e+000  5.2410000e-003 -1.3046981e-002
  5.7296560e+000  3.0640000e-003 -1.1528831e-002
  5.7357010e+000 -1.6400000e-004 -7.1500273e-003
  5.7417460e+000  5.6360000e-003 -1.4626744e-002
  5.7477910e+000  9.9630000e-003 -2.4212341e-002
  5.7538350e+000  6.8680000e-003 -2.5086295e-002
  5.7598800e+000  1.3748000e-002 -2.0395125e-002
  5.7659250e+000  1.6001000e-002 -1.4173994e-002
  5.7719700e+000  1.4743000e-002 -1.1662618e-002
  5.7780150e+000  1.0416000e-002 -1.1775022e-002
  5.7840590e+000  5.0680000e-003 -9.7921073e-003
  5.7901040e+000  4.5990000e-003 -7.5463805e-003
  5.7961490e+000  2.6410000e-003 -1.7064870e-003
  5.8021940e+000  1.6390000e-003 -1.3698490e-003
  5.8082380e+000  7.5010000e-003 -7.0039948e-003
  5.8142830e+000  9.0940000e-003 -3.3384612e-003
  5.8203280e+000  3.6940000e-003  2.6331030e-003
  5.8263730e+000  4.8060000e-003  7.6038979e-003
  5.8324170e+000  5.0760000e-003  7.0458697e-003
  5.8384620e+000  5.1130000e-003  6.1933880e-003
  5.8445070e+000  8.2740000e-003 -5.2945978e-003
  5.8505520e+000  1.6056000e-002 -1.1762775e-003
  5.8565970e+000  1.6989000e-002  3.0765838e-004
  5.8626410e+000  1.7783000e-002  1.6246199e-003
  5.8686860e+000  1.6478000e-002 -2.0697438e-003
  5.8747310e+000  1.2120000e-002  1.5420671e-003
  5.8807760e+000  8.1440000e-003  6.4835269e-003
  5.8868200e+000  1.3073000e-002  2.1014453e-003
  5.8928650e+000  1.2390000e-002 -3.4429611e-003
  5.8989100e+000  1.1439000e-002 -3.6630951e-003
  5.9049550e+000  1.2974000e-002 -2.3686444e-003
  5.9110000e+000  1.3516000e-002 -1.9584565e-003
  5.9170440e+000  1.8789000e-002 -4.8375297e-003
  5.9230890e+000  1.8967000e-002 -7.5747927e-003
  5.9291340e+000  1.3413000e-002 -6.8220347e-003
  5.9351790e+000  1.5351000e-002 -5.1643705e-003
  5.9412230e+000  1.5935000e-002 -2.0190537e-003
  5.9472680e+000  1.4497000e-002 -2.1436590e-003
  5.9533130e+000  1.2442000e-002 -1.1706110e-003
  5.9593580e+000  1.4009000e-002 -2.2362525e-003
  5.9654030e+000  9.3630000e-003 -2.7461155e-004
  5.9714470e+000  1.3028000e-002  5.1994999e-004
  5.9774920e+000  8.2380000e-003  5.1470060e-003
  5.9835370e+000  9.2970000e-003 -1.7326713e-003
  5.9895820e+000  8.9310000e-003 -5.3713664e-003
  5.9956260e+000  3.0870000e-003 -4.2800225e-003
  6.0016710e+000  8.0350000e-003  1.9421609e-004
  6.0077160e+000  6.6270000e-003  8.3732743e-003
  6.0137610e+000  3.8290000e-003  3.9845888e-003
  6.0198060e+000  6.6320000e-003 -4.2711151e-003
  6.0258500e+000  5.6910000e-003 -8.0650279e-003
  6.0318950e+000  7.1310000e-003 -3.6001784e-003
  6.0379400e+000  8.7660000e-003 -1.0405158e-003
  6.0439850e+000  0.0000000e+000  0.0000000e+000
  6.0500290e+000  0.0000000e+000  0.0000000e+000
  6.0560740e+000  0.0000000e+000  0.0000000e+000
  6.0621190e+000  0.0000000e+000  0.0000000e+000
  6.0681640e+000  0.0000000e+000  0.0000000e+000
  6.0742090e+000  0.0000000e+000  0.0000000e+000
  6.0802530e+000  0.0000000e+000  0.0000000e+000
  6.0862980e+000  0.0000000e+000  0.0000000e+000
  6.0923430e+000  0.0000000e+000  0.0000000e+000
  6.0983880e+000  0.0000000e+000  0.0000000e+000
  6.1044320e+000  0.0000000e+000  0.0000000e+000
  6.1104770e+000  0.0000000e+000  0.0000000e+000
  6.1165220e+000  0.0000000e+000  0.0000000e+000
  6.1225670e+000  0.0000000e+000  0.0000000e+000
  6.1286120e+000  0.0000000e+000  0.0000000e+000
  6.1346560e+000  0.0000000e+000  0.0000000e+000
  6.1407010e+000  0.0000000e+000  0.0000000e+000
  6.1467460e+000  0.0000000e+000  0.0000000e+000
  6.1527910e+000  0.0000000e+000  0.0000000e+000
  6.1588350e+000  0.0000000e+000  0.0000000e+000
  6.1648800e+000  0.0000000e+000  0.0000000e+000
  6.1709250e+000  0.0000000e+000  0.0000000e+000
  6.1769700e+000  0.0000000e+000  0.0000000e+000
  6.1830150e+000  0.0000000e+000  0.0000000e+000
  6.1890590e+000  0.0000000e+000  0.0000000e+000
  6.1951040e+000  0.0000000e+000  0.0000000e+000
  6.2011490e+000  0.0000000e+000  0.0000000e+000
  6.2071940e+000  0.0000000e+000  0.0000000e+000
  6.2132380e+000  0.0000000e+000  0.0000000e+000
  6.2192830e+000  0.0000000e+000  0.0000000e+000
  6.2253280e+000  0.0000000e+000  0.0000000e+000
  6.2313730e+000  0.0000000e+000  0.0000000e+000
  6.2374180e+000  0.0000000e+000  0.0000000e+000
  6.2434620e+000  0.0000000e+000  0.0000000e+000
  6.2495070e+000  0.0000000e+000  0.0000000e+000
  6.2555520e+000  0.0000000e+000  0.0000000e+000
  6.2615970e+000  0.0000000e+000  0.0000000e+000
  6.2676410e+000  0.0000000e+000  0.0000000e+000
  6.2736860e+000  0.0000000e+000  0.0000000e+000
  6.2797310e+000  0.0000000e+000  0.0000000e+000
  6.2857760e+000  0.0000000e+000  0.0000000e+000
  6.2918210e+000  0.0000000e+000  0.0000000e+000
  6.2978650e+000  0.0000000e+000  0.0000000e+000
  6.3039100e+000  0.0000000e+000  0.0000000e+000
  6.3099550e+000  0.0000000e+000  0.0000000e+000
  6.3160000e+000  0.0000000e+000  0.0000000e+000
  6.3220440e+000  0.0000000e+000  0.0000000e+000
  6.3280890e+000  0.0000000e+000  0.0000000e+000
  6.3341340e+000  0.0000000e+000  0.0000000e+000
  6.3401790e+000  0.0000000e+000  0.0000000e+000
  6.3462240e+000  0.0000000e+000  0.0000000e+000
  6.3522680e+000  0.0000000e+000  0.0000000e+000
  6.3583130e+000  0.0000000e+000  0.0000000e+000
  6.3643580e+000  0.0000000e+000  0.0000000e+000
  6.3704030e+000  0.0000000e+000  0.0000000e+000
  6.3764470e+000  0.0000000e+000  0.0000000e+000
  6.3824920e+000  0.0000000e+000  0.0000000e+000
  6.3885370e+000  0.0000000e+000  0.0000000e+000
  6.3945820e+000  0.0000000e+000  0.0000000e+000
  6.4006270e+000  0.0000000e+000  0.0000000e+000
  6.4066710e+000  0.0000000e+000  0.0000000e+000
  6.4127160e+000  0.0000000e+000  0.0000000e+000
  6.4187610e+000  0.0000000e+000  0.0000000e+000
  6.4248060e+000  0.0000000e+000  0.0000000e+000
  6.4308500e+000  0.0000000e+000  0.0000000e+000
  6.4368950e+000  0.0000000e+000  0.0000000e+000
  6.4429400e+000  0.0000000e+000  0.0000000e+000
  6.4489850e+000  0.0000000e+000  0.0000000e+000
  6.4550300e+000  0.0000000e+000  0.0000000e+000
  6.4610740e+000  0.0000000e+000  0.0000000e+000
  6.4671190e+000  0.0000000e+000  0.0000000e+000
  6.4731640e+000  0.0000000e+000  0.0000000e+000
  6.4792090e+000  0.0000000e+000  0.0000000e+000
  6.4852530e+000  0.0000000e+000  0.0000000e+000
  6.4912980e+000  0.0000000e+000  0.0000000e+000
  6.4973430e+000  0.0000000e+000  0.0000000e+000
  6.5033880e+000  0.0000000e+000  0.0000000e+000
  6.5094320e+000  0.0000000e+000  0.0000000e+000
  6.5154770e+000  0.0000000e+000  0.0000000e+000
  6.5215220e+000  0.0000000e+000  0.0000000e+000
  6.5275670e+000  0.0000000e+000  0.0000000e+000
  6.5336120e+000  0.0000000e+000  0.0000000e+000
  6.5396560e+000  0.0000000e+000  0.0000000e+000
  6.5457010e+000  0.0000000e+000  0.0000000e+000
  6.5517460e+000  0.0000000e+000  0.0000000e+000
  6.5577910e+000  0.0000000e+000  0.0000000e+000
  6.5638350e+000  0.0000000e+000  0.0000000e+000
  6.5698800e+000  0.0000000e+000  0.0000000e+000
  6.5759250e+000  0.0000000e+000  0.0000000e+000
  6.5819700e+000  0.0000000e+000  0.0000000e+000
  6.5880150e+000  0.0000000e+000  0.0000000e+000
  6.5940590e+000  0.0000000e+000  0.0000000e+000
  6.6001040e+000  0.0000000e+000  0.0000000e+000
  6.6061490e+000  0.0000000e+000  0.0000000e+000
  6.6121940e+000  0.0000000e+000  0.0000000e+000
  6.6182380e+000  0.0000000e+000  0.0000000e+000
  6.6242830e+000  0.0000000e+000  0.0000000e+000
  6.6303280e+000  0.0000000e+000  0.0000000e+000
  6.6363730e+000  0.0000000e+000  0.0000000e+000
  6.6424180e+000  0.0000000e+000  0.0000000e+000
  6.6484620e+000  0.0000000e+000  0.0000000e+000
  6.6545070e+000  0.0000000e+000  0.0000000e+000
  6.6605520e+000  0.0000000e+000  0.0000000e+000
  6.6665970e+000  0.0000000e+000  0.0000000e+000
  6.6726410e+000  0.0000000e+000  0.0000000e+000
  6.6786860e+000  0.0000000e+000  0.0000000e+000
  6.6847310e+000  0.0000000e+000  0.0000000e+000
  6.6907760e+000  0.0000000e+000  0.0000000e+000
  6.6968210e+000  0.0000000e+000  0.0000000e+000
  6.7028650e+000  0.0000000e+000  0.0000000e+000
  6.7089100e+000  0.0000000e+000  0.0000000e+000
  6.7149550e+000  0.0000000e+000  0.0000000e+000
  6.7210000e+000  0.0000000e+000  0.0000000e+000
  6.7270440e+000  0.0000000e+000  0.0000000e+000
  6.7330890e+000  0.0000000e+000  0.0000000e+000
  6.7391340e+000  0.0000000e+000  0.0000000e+000
  6.7451790e+000  0.0000000e+000  0.0000000e+000
  6.7512240e+000  0.0000000e+000  0.0000000e+000
  6.7572680e+000  0.0000000e+000  0.0000000e+000
  6.7633130e+000  0.0000000e+000  0.0000000e+000
  6.7693580e+000  0.0000000e+000  0.0000000e+000
  6.7754030e+000  0.0000000e+000  0.0000000e+000
  6.7814470e+000  0.0000000e+000  0.0000000e+000
  6.7874920e+000  0.0000000e+000  0.0000000e+000
  6.7935370e+000  0.0000000e+000  0.0000000e+000
  6.7995820e+000  0.0000000e+000  0.0000000e+000
  6.8056270e+000  0.0000000e+000  0.0000000e+000
  6.8116710e+000  0.0000000e+000  0.0000000e+000
  6.8177160e+000  0.0000000e+000  0.0000000e+000
  6.8237610e+000  0.0000000e+000  0.0000000e+000
  6.8298060e+000  0.0000000e+000  0.0000000e+000
  6.8358500e+000  0.0000000e+000  0.0000000e+000
  6.8418950e+000  0.0000000e+000  0.0000000e+000
  6.8479400e+000  0.0000000e+000  0.0000000e+000
  6.8539850e+000  0.0000000e+000  0.0000000e+000
  6.8600300e+000  0.0000000e+000  0.0000000e+000
  6.8660740e+000  0.0000000e+000  0.0000000e+000
  6.8721190e+000  0.0000000e+000  0.0000000e+000
  6.8781640e+000  0.0000000e+000  0.0000000e+000
  6.8842090e+000  0.0000000e+000  0.0000000e+000
  6.8902530e+000  0.0000000e+000  0.0000000e+000
  6.8962980e+000  0.0000000e+000  0.0000000e+000
  6.9023430e+000  0.0000000e+000  0.0000000e+000
  6.9083880e+000  0.0000000e+000  0.0000000e+000
  6.9144330e+000  0.0000000e+000  0.0000000e+000
  6.9204770e+000  0.0000000e+000  0.0000000e+000
  6.9265220e+000  0.0000000e+000  0.0000000e+000
  6.9325670e+000  0.0000000e+000  0.0000000e+000
  6.9386120e+000  0.0000000e+000  0.0000000e+000
  6.9446560e+000  0.0000000e+000  0.0000000e+000
  6.9507010e+000  0.0000000e+000  0.0000000e+000
  6.9567460e+000  0.0000000e+000  0.0000000e+000
  6.9627910e+000  0.0000000e+000  0.0000000e+000
  6.9688360e+000  0.0000000e+000  0.0000000e+000
  6.9748800e+000  0.0000000e+000  0.0000000e+000
  6.9809250e+000  0.0000000e+000  0.0000000e+000
  6.9869700e+000  0.0000000e+000  0.0000000e+000
  6.9930150e+000  0.0000000e+000  0.0000000e+000
  6.9990590e+000  0.0000000e+000  0.0000000e+000
  7.0051040e+000  0.0000000e+000  0.0000000e+000
  7.0111490e+000  0.0000000e+000  0.0000000e+000
  7.0171940e+000  0.0000000e+000  0.0000000e+000
  7.0232390e+000  0.0000000e+000  0.0000000e+000
  7.0292830e+000  0.0000000e+000  0.0000000e+000
  7.0353280e+000  0.0000000e+000  0.0000000e+000
  7.0413730e+000  0.0000000e+000  0.0000000e+000
  7.0474180e+000  0.0000000e+000  0.0000000e+000
  7.0534620e+000  0.0000000e+000  0.0000000e+000
  7.0595070e+000  0.0000000e+000  0.0000000e+000
  7.0655520e+000  0.0000000e+000  0.0000000e+000
  7.0715970e+000  0.0000000e+000  0.0000000e+000
  7.0776420e+000  0.0000000e+000  0.0000000e+000
  7.0836860e+000  0.0000000e+000  0.0000000e+000
  7.0897310e+000  0.0000000e+000  0.0000000e+000
  7.0957760e+000  0.0000000e+000  0.0000000e+000
  7.1018210e+000  0.0000000e+000  0.0000000e+000
  7.1078650e+000  0.0000000e+000  0.0000000e+000
  7.1139100e+000  0.0000000e+000  0.0000000e+000
  7.1199550e+000  0.0000000e+000  0.0000000e+000
  7.1260000e+000  0.0000000e+000  0.0000000e+000
  7.1320450e+000  0.0000000e+000  0.0000000e+000
  7.1380890e+000  0.0000000e+000  0.0000000e+000
  7.1441340e+000  0.0000000e+000  0.0000000e+000
  7.1501790e+000  0.0000000e+000  0.0000000e+000
  7.1562240e+000  0.0000000e+000  0.0000000e+000
  7.1622680e+000  0.0000000e+000  0.0000000e+000
  7.1683130e+000  0.0000000e+000  0.0000000e+000
  7.1743580e+000  0.0000000e+000  0.0000000e+000
  7.1804030e+000  0.0000000e+000  0.0000000e+000
  7.1864480e+000  0.0000000e+000  0.0000000e+000
  7.1924920e+000  0.0000000e+000  0.0000000e+000
  7.1985370e+000  0.0000000e+000  0.0000000e+000
  7.2045820e+000  0.0000000e+000  0.0000000e+000
  7.2106270e+000  0.0000000e+000  0.0000000e+000
  7.2166710e+000  0.0000000e+000  0.0000000e+000
  7.2227160e+000  0.0000000e+000  0.0000000e+000
  7.2287610e+000  0.0000000e+000  0.0000000e+000
  7.2348060e+000  0.0000000e+000  0.0000000e+000
  7.2408500e+000  0.0000000e+000  0.0000000e+000
  7.2468950e+000  0.0000000e+000  0.0000000e+000
  7.2529400e+000  0.0000000e+000  0.0000000e+000
  7.2589850e+000  0.0000000e+000  0.0000000e+000
  7.2650300e+000  0.0000000e+000  0.0000000e+000
  7.2710740e+000  0.0000000e+000  0.0000000e+000
  7.2771190e+000  0.0000000e+000  0.0000000e+000
  7.2831640e+000  0.0000000e+000  0.0000000e+000
  7.2892090e+000  0.0000000e+000  0.0000000e+000
  7.2952530e+000  0.0000000e+000  0.0000000e+000
  7.3012980e+000  0.0000000e+000  0.0000000e+000
  7.3073430e+000  0.0000000e+000  0.0000000e+000
  7.3133880e+000  0.0000000e+000  0.0000000e+000
  7.3194330e+000  0.0000000e+000  0.0000000e+000
  7.3254770e+000  0.0000000e+000  0.0000000e+000
  7.3315220e+000  0.0000000e+000  0.0000000e+000
  7.3375670e+000  0.0000000e+000  0.0000000e+000
  7.3436120e+000  0.0000000e+000  0.0000000e+000
  7.3496560e+000  0.0000000e+000  0.0000000e+000
  7.3557010e+000  0.0000000e+000  0.0000000e+000
  7.3617460e+000  0.0000000e+000  0.0000000e+000
  7.3677910e+000  0.0000000e+000  0.0000000e+000
  7.3738360e+000  0.0000000e+000  0.0000000e+000
  7.3798800e+000  0.0000000e+000  0.0000000e+000
  7.3859250e+000  0.0000000e+000  0.0000000e+000
  7.3919700e+000  0.0000000e+000  0.0000000e+000
  7.3980150e+000  0.0000000e+000  0.0000000e+000
  7.4040590e+000  0.0000000e+000  0.0000000e+000
  7.4101040e+000  0.0000000e+000  0.0000000e+000
  7.4161490e+000  0.0000000e+000  0.0000000e+000
  7.4221940e+000  0.0000000e+000  0.0000000e+000
  7.4282390e+000  0.0000000e+000  0.0000000e+000
  7.4342830e+000  0.0000000e+000  0.0000000e+000
  7.4403280e+000  0.0000000e+000  0.0000000e+000
  7.4463730e+000  0.0000000e+000  0.0000000e+000
  7.4524180e+000  0.0000000e+000  0.0000000e+000
  7.4584620e+000  0.0000000e+000  0.0000000e+000
  7.4645070e+000  0.0000000e+000  0.0000000e+000
  7.4705520e+000  0.0000000e+000  0.0000000e+000
  7.4765970e+000  0.0000000e+000  0.0000000e+000
  7.4826420e+000  0.0000000e+000  0.0000000e+000
  7.4886860e+000  0.0000000e+000  0.0000000e+000
  7.4947310e+000  0.0000000e+000  0.0000000e+000
  7.5007760e+000  0.0000000e+000  0.0000000e+000
  7.5068210e+000  0.0000000e+000  0.0000000e+000
  7.5128650e+000  0.0000000e+000  0.0000000e+000
  7.5189100e+000  0.0000000e+000  0.0000000e+000
  7.5249550e+000  0.0000000e+000  0.0000000e+000
  7.5310000e+000  0.0000000e+000  0.0000000e+000
  7.5370450e+000  0.0000000e+000  0.0000000e+000
  7.5430890e+000  0.0000000e+000  0.0000000e+000
  7.5491340e+000  0.0000000e+000  0.0000000e+000
  7.5551790e+000  0.0000000e+000  0.0000000e+000
  7.5612240e+000  0.0000000e+000  0.0000000e+000
  7.5672680e+000  0.0000000e+000  0.0000000e+000
  7.5733130e+000  0.0000000e+000  0.0000000e+000
  7.5793580e+000  0.0000000e+000  0.0000000e+000
  7.5854030e+000  0.0000000e+000  0.0000000e+000
  7.5914480e+000  0.0000000e+000  0.0000000e+000
  7.5974920e+000  0.0000000e+000  0.0000000e+000
  7.6035370e+000  0.0000000e+000  0.0000000e+000
  7.6095820e+000  0.0000000e+000  0.0000000e+000
  7.6156270e+000  0.0000000e+000  0.0000000e+000
  7.6216710e+000  0.0000000e+000  0.0000000e+000
  7.6277160e+000  0.0000000e+000  0.0000000e+000
  7.6337610e+000  0.0000000e+000  0.0000000e+000
  7.6398060e+000  0.0000000e+000  0.0000000e+000
  7.6458510e+000  0.0000000e+000  0.0000000e+000
  7.6518950e+000  0.0000000e+000  0.0000000e+000
  7.6579400e+000  0.0000000e+000  0.0000000e+000
  7.6639850e+000  0.0000000e+000  0.0000000e+000
  7.6700300e+000  0.0000000e+000  0.0000000e+000
  7.6760740e+000  0.0000000e+000  0.0000000e+000
  7.6821190e+000  0.0000000e+000  0.0000000e+000
  7.6881640e+000  0.0000000e+000  0.0000000e+000
  7.6942090e+000  0.0000000e+000  0.0000000e+000
  7.7002540e+000  0.0000000e+000  0.0000000e+000
  7.7062980e+000  0.0000000e+000  0.0000000e+000
  7.7123430e+000  0.0000000e+000  0.0000000e+000
  7.7183880e+000  0.0000000e+000  0.0000000e+000
  7.7244330e+000  0.0000000e+000  0.0000000e+000
  7.7304770e+000  0.0000000e+000  0.0000000e+000
  7.7365220e+000  0.0000000e+000  0.0000000e+000
  7.7425670e+000  0.0000000e+000  0.0000000e+000
  7.7486120e+000  0.0000000e+000  0.0000000e+000
  7.7546570e+000  0.0000000e+000  0.0000000e+000
  7.7607010e+000  0.0000000e+000  0.0000000e+000
  7.7667460e+000  0.0000000e+000  0.0000000e+000
  7.7727910e+000  0.0000000e+000  0.0000000e+000
  7.7788360e+000  0.0000000e+000  0.0000000e+000
  7.7848800e+000  0.0000000e+000  0.0000000e+000
  7.7909250e+000  0.0000000e+000  0.0000000e+000
  7.7969700e+000  0.0000000e+000  0.0000000e+000
  7.8030150e+000  0.0000000e+000  0.0000000e+000
  7.8090600e+000  0.0000000e+000  0.0000000e+000
  7.8151040e+000  0.0000000e+000  0.0000000e+000
  7.8211490e+000  0.0000000e+000  0.0000000e+000
  7.8271940e+000  0.0000000e+000  0.0000000e+000
  7.8332390e+000  0.0000000e+000  0.0000000e+000
  7.8392830e+000  0.0000000e+000  0.0000000e+000
  7.8453280e+000  0.0000000e+000  0.0000000e+000
  7.8513730e+000  0.0000000e+000  0.0000000e+000
  7.8574180e+000  0.0000000e+000  0.0000000e+000
  7.8634630e+000  0.0000000e+000  0.0000000e+000
  7.8695070e+000  0.0000000e+000  0.0000000e+000
  7.8755520e+000  0.0000000e+000  0.0000000e+000
  7.8815970e+000  0.0000000e+000  0.0000000e+000
  7.8876420e+000  0.0000000e+000  0.0000000e+000
  7.8936860e+000  0.0000000e+000  0.0000000e+000
  7.8997310e+000  0.0000000e+000  0.0000000e+000
  7.9057760e+000  0.0000000e+000  0.0000000e+000
  7.9118210e+000  0.0000000e+000  0.0000000e+000
  7.9178650e+000  0.0000000e+000  0.0000000e+000
  7.9239100e+000  0.0000000e+000  0.0000000e+000
  7.9299550e+000  0.0000000e+000  0.0000000e+000
  7.9360000e+000  0.0000000e+000  0.0000000e+000
  7.9420450e+000  0.0000000e+000  0.0000000e+000
  7.9480890e+000  0.0000000e+000  0.0000000e+000
  7.9541340e+000  0.0000000e+000  0.0000000e+000
  7.9601790e+000  0.0000000e+000  0.0000000e+000
  7.9662240e+000  0.0000000e+000  0.0000000e+000
  7.9722680e+000  0.0000000e+000  0.0000000e+000
  7.9783130e+000  0.0000000e+000  0.0000000e+000
  7.9843580e+000  0.0000000e+000  0.0000000e+000
  7.9904030e+000  0.0000000e+000  0.0000000e+000
  7.9964480e+000  0.0000000e+000  0.0000000e+000
  8.0024920e+000  0.0000000e+000  0.0000000e+000
  8.0085370e+000  0.0000000e+000  0.0000000e+000
  8.0145820e+000  0.0000000e+000  0.0000000e+000
  8.0206270e+000  0.0000000e+000  0.0000000e+000
  8.0266710e+000  0.0000000e+000  0.0000000e+000
  8.0327160e+000  0.0000000e+000  0.0000000e+000
  8.0387610e+000  0.0000000e+000  0.0000000e+000
  8.0448060e+000  0.0000000e+000  0.0000000e+000
  8.0508510e+000  0.0000000e+000  0.0000000e+000
  8.0568950e+000  0.0000000e+000  0.0000000e+000
  8.0629400e+000  0.0000000e+000  0.0000000e+000
  8.0689850e+000  0.0000000e+000  0.0000000e+000
  8.0750300e+000  0.0000000e+000  0.0000000e+000
  8.0810740e+000  0.0000000e+000  0.0000000e+000
  8.0871190e+000  0.0000000e+000  0.0000000e+000
  8.0931640e+000  0.0000000e+000  0.0000000e+000
  8.0992090e+000  0.0000000e+000  0.0000000e+000
  8.1052540e+000  0.0000000e+000  0.0000000e+000
  8.1112980e+000  0.0000000e+000  0.0000000e+000
  8.1173430e+000  0.0000000e+000  0.0000000e+000
  8.1233880e+000  0.0000000e+000  0.0000000e+000
  8.1294330e+000  0.0000000e+000  0.0000000e+000
  8.1354770e+000  0.0000000e+000  0.0000000e+000
  8.1415220e+000  0.0000000e+000  0.0000000e+000
  8.1475670e+000  0.0000000e+000  0.0000000e+000
  8.1536120e+000  0.0000000e+000  0.0000000e+000
  8.1596570e+000  0.0000000e+000  0.0000000e+000
  8.1657010e+000  0.0000000e+000  0.0000000e+000
  8.1717460e+000  0.0000000e+000  0.0000000e+000
  8.1777910e+000  0.0000000e+000  0.0000000e+000
  8.1838360e+000  0.0000000e+000  0.0000000e+000
  8.1898800e+000  0.0000000e+000  0.0000000e+000
  8.1959250e+000  0.0000000e+000  0.0000000e+000
  8.2019700e+000  0.0000000e+000  0.0000000e+000
  8.2080150e+000  0.0000000e+000  0.0000000e+000
  8.2140600e+000  0.0000000e+000  0.0000000e+000
  8.2201040e+000  0.0000000e+000  0.0000000e+000
  8.2261490e+000  0.0000000e+000  0.0000000e+000
  8.2321940e+000  0.0000000e+000  0.0000000e+000
  8.2382390e+000  0.0000000e+000  0.0000000e+000
  8.2442830e+000  0.0000000e+000  0.0000000e+000
  8.2503280e+000  0.0000000e+000  0.0000000e+000
  8.2563730e+000  0.0000000e+000  0.0000000e+000
  8.2624180e+000  0.0000000e+000  0.0000000e+000
  8.2684630e+000  0.0000000e+000  0.0000000e+000
  8.2745070e+000  0.0000000e+000  0.0000000e+000
  8.2805520e+000  0.0000000e+000  0.0000000e+000
  8.2865970e+000  0.0000000e+000  0.0000000e+000
  8.2926420e+000  0.0000000e+000  0.0000000e+000
  8.2986860e+000  0.0000000e+000  0.0000000e+000
  8.3047310e+000  0.0000000e+000  0.0000000e+000
  8.3107760e+000  0.0000000e+000  0.0000000e+000
  8.3168210e+000  0.0000000e+000  0.0000000e+000
  8.3228660e+000  0.0000000e+000  0.0000000e+000
  8.3289100e+000  0.0000000e+000  0.0000000e+000
  8.3349550e+000  0.0000000e+000  0.0000000e+000
  8.3410000e+000  0.0000000e+000  0.0000000e+000
  8.3470450e+000  0.0000000e+000  0.0000000e+000
  8.3530890e+000  0.0000000e+000  0.0000000e+000
  8.3591340e+000  0.0000000e+000  0.0000000e+000
  8.3651790e+000  0.0000000e+000  0.0000000e+000
  8.3712240e+000  0.0000000e+000  0.0000000e+000
  8.3772690e+000  0.0000000e+000  0.0000000e+000
  8.3833130e+000  0.0000000e+000  0.0000000e+000
  8.3893580e+000  0.0000000e+000  0.0000000e+000
  8.3954030e+000  0.0000000e+000  0.0000000e+000
  8.4014480e+000  0.0000000e+000  0.0000000e+000
  8.4074920e+000  0.0000000e+000  0.0000000e+000
  8.4135370e+000  0.0000000e+000  0.0000000e+000
  8.4195820e+000  0.0000000e+000  0.0000000e+000
  8.4256270e+000  0.0000000e+000  0.0000000e+000
  8.4316720e+000  0.0000000e+000  0.0000000e+000
  8.4377160e+000  0.0000000e+000  0.0000000e+000
  8.4437610e+000  0.0000000e+000  0.0000000e+000
  8.4498060e+000  0.0000000e+000  0.0000000e+000
  8.4558510e+000  0.0000000e+000  0.0000000e+000
  8.4618950e+000  0.0000000e+000  0.0000000e+000
  8.4679400e+000  0.0000000e+000  0.0000000e+000
  8.4739850e+000  0.0000000e+000  0.0000000e+000
  8.4800300e+000  0.0000000e+000  0.0000000e+000
  8.4860750e+000  0.0000000e+000  0.0000000e+000
  8.4921190e+000  0.0000000e+000  0.0000000e+000
  8.4981640e+000  0.0000000e+000  0.0000000e+000
