# Q / Ang^(-1)		D_S/D_T			D_S/D_rho
  5.2530000e-003  0.0000000e+000  0.0000000e+000
  1.1297000e-002  0.0000000e+000  0.0000000e+000
  1.7342000e-002  0.0000000e+000  0.0000000e+000
  2.3387000e-002  0.0000000e+000  0.0000000e+000
  2.9432000e-002  0.0000000e+000  0.0000000e+000
  3.5477000e-002  0.0000000e+000  0.0000000e+000
  4.1521000e-002  0.0000000e+000  0.0000000e+000
  4.7566000e-002  0.0000000e+000  0.0000000e+000
  5.3611000e-002  0.0000000e+000  0.0000000e+000
  5.9656000e-002  0.0000000e+000  0.0000000e+000
  6.5700000e-002  0.0000000e+000  0.0000000e+000
  7.1745000e-002  0.0000000e+000  0.0000000e+000
  7.7790000e-002  0.0000000e+000  0.0000000e+000
  8.3835000e-002  0.0000000e+000  0.0000000e+000
  8.9880000e-002  0.0000000e+000  0.0000000e+000
  9.5924000e-002  0.0000000e+000  0.0000000e+000
  1.0196900e-001  0.0000000e+000  0.0000000e+000
  1.0801400e-001  0.0000000e+000  0.0000000e+000
  1.1405900e-001  0.0000000e+000  0.0000000e+000
  1.2010300e-001  0.0000000e+000  0.0000000e+000
  1.2614800e-001  0.0000000e+000  0.0000000e+000
  1.3219300e-001  0.0000000e+000  0.0000000e+000
  1.3823800e-001  0.0000000e+000  0.0000000e+000
  1.4428300e-001  0.0000000e+000  0.0000000e+000
  1.5032700e-001  0.0000000e+000  0.0000000e+000
  1.5637200e-001  0.0000000e+000  0.0000000e+000
  1.6241700e-001  0.0000000e+000  0.0000000e+000
  1.6846200e-001  0.0000000e+000  0.0000000e+000
  1.7450600e-001  0.0000000e+000  0.0000000e+000
  1.8055100e-001  0.0000000e+000  0.0000000e+000
  1.8659600e-001  0.0000000e+000  0.0000000e+000
  1.9264100e-001  0.0000000e+000  0.0000000e+000
  1.9868500e-001  0.0000000e+000  0.0000000e+000
  2.0473000e-001  0.0000000e+000  0.0000000e+000
  2.1077500e-001  0.0000000e+000  0.0000000e+000
  2.1682000e-001  0.0000000e+000  0.0000000e+000
  2.2286500e-001  0.0000000e+000  0.0000000e+000
  2.2890900e-001  0.0000000e+000  0.0000000e+000
  2.3495400e-001  0.0000000e+000  0.0000000e+000
  2.4099900e-001  0.0000000e+000  0.0000000e+000
  2.4704400e-001  0.0000000e+000  0.0000000e+000
  2.5308800e-001  0.0000000e+000  0.0000000e+000
  2.5913300e-001  0.0000000e+000  0.0000000e+000
  2.6517800e-001  0.0000000e+000  0.0000000e+000
  2.7122300e-001  0.0000000e+000  0.0000000e+000
  2.7726800e-001  0.0000000e+000  0.0000000e+000
  2.8331200e-001  0.0000000e+000  0.0000000e+000
  2.8935700e-001  0.0000000e+000  0.0000000e+000
  2.9540200e-001  0.0000000e+000  0.0000000e+000
  3.0144700e-001  0.0000000e+000  0.0000000e+000
  3.0749100e-001  0.0000000e+000  0.0000000e+000
  3.1353600e-001  0.0000000e+000  0.0000000e+000
  3.1958100e-001  0.0000000e+000  0.0000000e+000
  3.2562600e-001  0.0000000e+000  0.0000000e+000
  3.3167100e-001  0.0000000e+000  0.0000000e+000
  3.3771500e-001  0.0000000e+000  0.0000000e+000
  3.4376000e-001  0.0000000e+000  0.0000000e+000
  3.4980500e-001  0.0000000e+000  0.0000000e+000
  3.5585000e-001  0.0000000e+000  0.0000000e+000
  3.6189400e-001  0.0000000e+000  0.0000000e+000
  3.6793900e-001 -3.8139000e-002  6.5540108e-001
  3.7398400e-001 -7.3639000e-002  6.8092447e-001
  3.8002900e-001 -5.0932000e-002  6.7660960e-001
  3.8607400e-001 -9.0868000e-002  7.0385521e-001
  3.9211800e-001 -1.0013900e-001  6.9479742e-001
  3.9816300e-001 -6.8854000e-002  6.9594041e-001
  4.0420800e-001 -5.1698000e-002  6.9369414e-001
  4.1025300e-001 -9.6620000e-003  6.7375323e-001
  4.1629700e-001 -5.5000000e-003  6.5802293e-001
  4.2234200e-001 -2.3503000e-002  6.6978196e-001
  4.2838700e-001 -2.9889000e-002  6.5893168e-001
  4.3443200e-001 -4.3702000e-002  6.6258229e-001
  4.4047700e-001 -1.6960000e-002  6.5269041e-001
  4.4652100e-001 -3.2340000e-002  6.6408025e-001
  4.5256600e-001 -2.9290000e-002  6.7639817e-001
  4.5861100e-001 -2.7104000e-002  6.7348506e-001
  4.6465600e-001 -5.3837000e-002  6.9350547e-001
  4.7070000e-001 -3.8383000e-002  7.0332944e-001
  4.7674500e-001 -5.1402000e-002  7.0839340e-001
  4.8279000e-001 -3.4336000e-002  7.2544280e-001
  4.8883500e-001 -2.1683000e-002  6.9519390e-001
  4.9488000e-001 -2.6321000e-002  7.1995630e-001
  5.0092400e-001 -1.3546000e-002  6.8205672e-001
  5.0696900e-001 -6.2570000e-003  7.0437600e-001
  5.1301400e-001 -2.8642000e-002  7.2017244e-001
  5.1905900e-001 -1.5930000e-002  7.1937113e-001
  5.2510300e-001 -1.6765000e-002  7.1537826e-001
  5.3114800e-001  3.1270000e-003  7.3453458e-001
  5.3719300e-001  2.4900000e-004  7.3039204e-001
  5.4323800e-001  3.5430000e-003  7.4058959e-001
  5.4928300e-001 -9.8480000e-003  7.4847091e-001
  5.5532700e-001  1.0589000e-002  7.3776653e-001
  5.6137200e-001  1.2691000e-002  7.4571079e-001
  5.6741700e-001  2.8700000e-004  7.4945173e-001
  5.7346200e-001  1.0436000e-002  7.3867249e-001
  5.7950600e-001  1.0854000e-002  7.2395707e-001
  5.8555100e-001  1.3617000e-002  7.3757726e-001
  5.9159600e-001  1.6961000e-002  7.3758287e-001
  5.9764100e-001  1.1434000e-002  7.4680421e-001
  6.0368600e-001  1.1221000e-002  7.4428530e-001
  6.0973000e-001  1.6496000e-002  7.5824807e-001
  6.1577500e-001  1.8678000e-002  7.5495284e-001
  6.2182000e-001  3.6486000e-002  7.4477096e-001
  6.2786500e-001  2.2972000e-002  7.5032367e-001
  6.3390900e-001  2.5954000e-002  7.5820647e-001
  6.3995400e-001  3.1288000e-002  7.7190284e-001
  6.4599900e-001  3.5886000e-002  7.5202419e-001
  6.5204400e-001  2.7556000e-002  7.6447008e-001
  6.5808900e-001  1.9066000e-002  7.6407998e-001
  6.6413300e-001  2.5182000e-002  7.7001631e-001
  6.7017800e-001  1.1704000e-002  7.7992216e-001
  6.7622300e-001  1.9388000e-002  7.6866055e-001
  6.8226800e-001  8.5250000e-003  7.9401895e-001
  6.8831200e-001  5.1800000e-004  7.9946171e-001
  6.9435700e-001  2.4600000e-003  8.1191796e-001
  7.0040200e-001  9.8500000e-003  8.1937466e-001
  7.0644700e-001  6.1320000e-003  8.2084084e-001
  7.1249200e-001  1.3299000e-002  8.3158781e-001
  7.1853600e-001  1.0193000e-002  8.2607814e-001
  7.2458100e-001  2.6680000e-002  8.2661368e-001
  7.3062600e-001  2.7186000e-002  8.3064501e-001
  7.3667100e-001  3.8683000e-002  8.3119494e-001
  7.4271500e-001  4.8037000e-002  8.4541808e-001
  7.4876000e-001  5.7778000e-002  8.4225907e-001
  7.5480500e-001  4.8957000e-002  8.6471386e-001
  7.6085000e-001  5.4362000e-002  8.7095521e-001
  7.6689500e-001  4.9712000e-002  8.8388723e-001
  7.7293900e-001  4.8993000e-002  8.8703299e-001
  7.7898400e-001  6.1452000e-002  8.9341952e-001
  7.8502900e-001  4.3466000e-002  9.1264433e-001
  7.9107400e-001  5.3413000e-002  9.1931327e-001
  7.9711800e-001  5.3210000e-002  9.2149417e-001
  8.0316300e-001  6.0026000e-002  9.2204640e-001
  8.0920800e-001  6.7975000e-002  9.3071234e-001
  8.1525300e-001  7.4798000e-002  9.4140554e-001
  8.2129800e-001  8.8152000e-002  9.5253382e-001
  8.2734200e-001  7.5856000e-002  9.6547814e-001
  8.3338700e-001  6.9207000e-002  9.7834688e-001
  8.3943200e-001  5.8847000e-002  9.8910877e-001
  8.4547700e-001  7.3829000e-002  1.0108860e+000
  8.5152100e-001  8.8347000e-002  1.0189647e+000
  8.5756600e-001  9.0295000e-002  1.0137346e+000
  8.6361100e-001  1.0060500e-001  1.0283757e+000
  8.6965600e-001  9.0692000e-002  1.0398013e+000
  8.7570100e-001  1.0166600e-001  1.0508181e+000
  8.8174500e-001  8.8218000e-002  1.0546164e+000
  8.8779000e-001  1.0707400e-001  1.0740953e+000
  8.9383500e-001  1.1078600e-001  1.0983104e+000
  8.9988000e-001  1.1786100e-001  1.1041245e+000
  9.0592400e-001  1.3108800e-001  1.1243991e+000
  9.1196900e-001  1.2496800e-001  1.1479086e+000
  9.1801400e-001  1.2866000e-001  1.1807791e+000
  9.2405900e-001  1.1462500e-001  1.2054413e+000
  9.3010300e-001  1.2643400e-001  1.2180520e+000
  9.3614800e-001  1.2750800e-001  1.2302941e+000
  9.4219300e-001  1.3052000e-001  1.2472983e+000
  9.4823800e-001  1.3899100e-001  1.2667761e+000
  9.5428300e-001  1.4379400e-001  1.3052831e+000
  9.6032700e-001  1.4606100e-001  1.3293597e+000
  9.6637200e-001  1.5589100e-001  1.3529718e+000
  9.7241700e-001  1.6026800e-001  1.3965240e+000
  9.7846200e-001  1.5946000e-001  1.4291277e+000
  9.8450600e-001  1.6659400e-001  1.4761254e+000
  9.9055100e-001  1.7998300e-001  1.4907605e+000
  9.9659600e-001  1.8235300e-001  1.5431411e+000
  1.0026410e+000  2.0382700e-001  1.5661844e+000
  1.0086860e+000  2.1508600e-001  1.6093714e+000
  1.0147300e+000  2.2061000e-001  1.6482222e+000
  1.0207750e+000  2.2974600e-001  1.6991321e+000
  1.0268200e+000  2.4755800e-001  1.7313183e+000
  1.0328650e+000  2.6443200e-001  1.7652697e+000
  1.0389090e+000  2.6723100e-001  1.8120990e+000
  1.0449540e+000  2.5355200e-001  1.8636443e+000
  1.0509990e+000  2.6044900e-001  1.9155874e+000
  1.0570440e+000  2.6814800e-001  1.9696980e+000
  1.0630890e+000  2.8119200e-001  2.0138650e+000
  1.0691330e+000  2.7814000e-001  2.0971966e+000
  1.0751780e+000  2.8918800e-001  2.1422472e+000
  1.0812230e+000  2.7171800e-001  2.1943111e+000
  1.0872680e+000  2.9261400e-001  2.2494449e+000
  1.0933120e+000  2.8958100e-001  2.3019377e+000
  1.0993570e+000  3.0129500e-001  2.3492837e+000
  1.1054020e+000  3.0692600e-001  2.4127776e+000
  1.1114470e+000  3.1043800e-001  2.4636235e+000
  1.1174920e+000  3.1657400e-001  2.4989915e+000
  1.1235360e+000  3.0816600e-001  2.5557144e+000
  1.1295810e+000  3.1235500e-001  2.5828427e+000
  1.1356260e+000  2.9293000e-001  2.5954258e+000
  1.1416710e+000  2.8272200e-001  2.5957964e+000
  1.1477150e+000  2.6547000e-001  2.6079387e+000
  1.1537600e+000  2.4929600e-001  2.5906132e+000
  1.1598050e+000  2.0965600e-001  2.5674961e+000
  1.1658500e+000  2.0551600e-001  2.5171035e+000
  1.1718950e+000  1.5242200e-001  2.4460740e+000
  1.1779390e+000  1.3573800e-001  2.3433530e+000
  1.1839840e+000  8.7206000e-002  2.2255907e+000
  1.1900290e+000  5.5508000e-002  2.0698126e+000
  1.1960740e+000  5.0910000e-003  1.8823120e+000
  1.2021180e+000 -4.2276000e-002  1.6757744e+000
  1.2081630e+000 -9.8789000e-002  1.4089002e+000
  1.2142080e+000 -1.7821400e-001  1.1510031e+000
  1.2202530e+000 -2.4280100e-001  8.2000776e-001
  1.2262980e+000 -3.1456300e-001  5.2340720e-001
  1.2323420e+000 -3.6012100e-001  1.7945143e-001
  1.2383870e+000 -4.2621100e-001 -1.3208369e-001
  1.2444320e+000 -4.7884400e-001 -4.3679055e-001
  1.2504770e+000 -5.3661300e-001 -7.0632909e-001
  1.2565210e+000 -5.5642900e-001 -1.0212930e+000
  1.2625660e+000 -5.9745900e-001 -1.2761482e+000
  1.2686110e+000 -5.9889300e-001 -1.5178905e+000
  1.2746560e+000 -6.0762800e-001 -1.6892455e+000
  1.2807010e+000 -6.1332500e-001 -1.8779990e+000
  1.2867450e+000 -5.9272000e-001 -2.0040811e+000
  1.2927900e+000 -6.0637300e-001 -2.1031045e+000
  1.2988350e+000 -5.7209400e-001 -2.1780034e+000
  1.3048800e+000 -5.5378700e-001 -2.2071909e+000
  1.3109240e+000 -5.2738400e-001 -2.1589411e+000
  1.3169690e+000 -4.8653200e-001 -2.1542251e+000
  1.3230140e+000 -4.7088900e-001 -2.0591839e+000
  1.3290590e+000 -4.3742700e-001 -2.0154896e+000
  1.3351040e+000 -4.0609300e-001 -1.9431648e+000
  1.3411480e+000 -3.6094000e-001 -1.8138559e+000
  1.3471930e+000 -3.0773000e-001 -1.7299168e+000
  1.3532380e+000 -2.6609400e-001 -1.6094062e+000
  1.3592830e+000 -2.4786000e-001 -1.5138793e+000
  1.3653270e+000 -2.2277400e-001 -1.4073679e+000
  1.3713720e+000 -1.9987500e-001 -1.2962068e+000
  1.3774170e+000 -1.6025400e-001 -1.2075900e+000
  1.3834620e+000 -1.2955500e-001 -1.1051279e+000
  1.3895070e+000 -1.1929800e-001 -1.0106737e+000
  1.3955510e+000 -8.3500000e-002 -9.3097428e-001
  1.4015960e+000 -8.7825000e-002 -8.6464084e-001
  1.4076410e+000 -7.1309000e-002 -7.7969114e-001
  1.4136860e+000 -5.9137000e-002 -7.2157734e-001
  1.4197300e+000 -5.0108000e-002 -6.5996562e-001
  1.4257750e+000 -4.6376000e-002 -5.8109487e-001
  1.4318200e+000 -4.2877000e-002 -5.3491865e-001
  1.4378650e+000 -3.9462000e-002 -4.8383506e-001
  1.4439100e+000 -2.6107000e-002 -4.3066150e-001
  1.4499540e+000 -1.3557000e-002 -3.8548538e-001
  1.4559990e+000 -9.6680000e-003 -3.4858746e-001
  1.4620440e+000 -1.4229000e-002 -3.1759940e-001
  1.4680890e+000  1.8090000e-003 -2.8082216e-001
  1.4741330e+000 -1.6227000e-002 -2.4805141e-001
  1.4801780e+000  3.4230000e-003 -2.2423816e-001
  1.4862230e+000  1.3192000e-002 -1.9790229e-001
  1.4922680e+000  1.1993000e-002 -1.7145455e-001
  1.4983130e+000  2.4377000e-002 -1.6243612e-001
  1.5043570e+000  1.9958000e-002 -1.3039212e-001
  1.5104020e+000  9.1230000e-003 -1.1409184e-001
  1.5164470e+000  2.4369000e-002 -8.5955370e-002
  1.5224920e+000  3.1259000e-002 -8.8256318e-002
  1.5285360e+000  2.2918000e-002 -6.5386514e-002
  1.5345810e+000  3.3668000e-002 -5.7936703e-002
  1.5406260e+000  1.8307000e-002 -3.8145519e-002
  1.5466710e+000  2.1764000e-002 -2.1126117e-002
  1.5527160e+000  2.1785000e-002 -1.9638210e-002
  1.5587600e+000  2.7659000e-002 -5.6349430e-003
  1.5648050e+000  2.4939000e-002  9.2369622e-003
  1.5708500e+000  3.0862000e-002  1.4959012e-002
  1.5768950e+000  2.7872000e-002  1.9375971e-002
  1.5829390e+000  3.3510000e-002  2.3893854e-002
  1.5889840e+000  3.9179000e-002  2.7113458e-002
  1.5950290e+000  4.0372000e-002  3.5650031e-002
  1.6010740e+000  4.2574000e-002  4.1469420e-002
  1.6071180e+000  3.9602000e-002  3.3042442e-002
  1.6131630e+000  3.4446000e-002  5.0774137e-002
  1.6192080e+000  2.8917000e-002  5.0126913e-002
  1.6252530e+000  2.9064000e-002  5.3091262e-002
  1.6312980e+000  3.6269000e-002  4.9967919e-002
  1.6373420e+000  2.9637000e-002  5.4149438e-002
  1.6433870e+000  3.6581000e-002  4.5176680e-002
  1.6494320e+000  3.5449000e-002  4.6512266e-002
  1.6554770e+000  3.7049000e-002  4.5448321e-002
  1.6615210e+000  3.2159000e-002  5.7128839e-002
  1.6675660e+000  2.5786000e-002  5.7000210e-002
  1.6736110e+000  2.6651000e-002  5.1723522e-002
  1.6796560e+000  2.4847000e-002  5.5812084e-002
  1.6857010e+000  2.5401000e-002  6.4568916e-002
  1.6917450e+000  2.4282000e-002  6.2660158e-002
  1.6977900e+000  2.0763000e-002  6.2750317e-002
  1.7038350e+000  2.4994000e-002  6.6268433e-002
  1.7098800e+000  1.6122000e-002  6.5446874e-002
  1.7159240e+000  2.6692000e-002  6.9008055e-002
  1.7219690e+000  2.4516000e-002  6.8170979e-002
  1.7280140e+000  2.2898000e-002  7.0650860e-002
  1.7340590e+000  2.3984000e-002  7.1598335e-002
  1.7401040e+000  2.4939000e-002  7.7813962e-002
  1.7461480e+000  2.3345000e-002  6.9152594e-002
  1.7521930e+000  2.1093000e-002  6.9548141e-002
  1.7582380e+000  1.4169000e-002  7.6525525e-002
  1.7642830e+000  1.4601000e-002  7.2678040e-002
  1.7703270e+000  8.4960000e-003  7.2335796e-002
  1.7763720e+000  2.0239000e-002  6.8563924e-002
  1.7824170e+000  1.3343000e-002  7.3794183e-002
  1.7884620e+000  1.4250000e-002  7.5326309e-002
  1.7945070e+000  1.5499000e-002  7.8469633e-002
  1.8005510e+000  1.6501000e-002  7.8709481e-002
  1.8065960e+000  1.7445000e-002  7.5903014e-002
  1.8126410e+000  2.3835000e-002  7.1049424e-002
  1.8186860e+000  1.9612000e-002  6.5143558e-002
  1.8247300e+000  1.5539000e-002  6.2278885e-002
  1.8307750e+000  1.8597000e-002  6.1977054e-002
  1.8368200e+000  1.5670000e-002  5.7680733e-002
  1.8428650e+000  1.8552000e-002  6.5444396e-002
  1.8489100e+000  1.9581000e-002  6.6015838e-002
  1.8549540e+000  1.9525000e-002  6.6822086e-002
  1.8609990e+000  1.7755000e-002  6.7153212e-002
  1.8670440e+000  1.9522000e-002  7.3840242e-002
  1.8730890e+000  1.6565000e-002  6.9977483e-002
  1.8791330e+000  1.5821000e-002  6.5544207e-002
  1.8851780e+000  1.4584000e-002  6.6034258e-002
  1.8912230e+000  5.8780000e-003  7.0979392e-002
  1.8972680e+000  1.0734000e-002  6.3893311e-002
  1.9033130e+000  3.3760000e-003  7.4715618e-002
  1.9093570e+000  5.6100000e-003  6.8649008e-002
  1.9154020e+000  1.0354000e-002  7.1639423e-002
  1.9214470e+000  1.2856000e-002  6.8936198e-002
  1.9274920e+000  9.3910000e-003  7.6697546e-002
  1.9335360e+000  1.0811000e-002  6.8088970e-002
  1.9395810e+000  1.6519000e-002  6.7117544e-002
  1.9456260e+000  1.0407000e-002  5.9117331e-002
  1.9516710e+000  1.0060000e-002  5.5273725e-002
  1.9577160e+000  1.2990000e-003  5.1862389e-002
  1.9637600e+000 -3.1620000e-003  5.4566577e-002
  1.9698050e+000 -9.2870000e-003  5.6055708e-002
  1.9758500e+000 -8.7900000e-004  5.8474751e-002
  1.9818950e+000 -8.8270000e-003  5.9634099e-002
  1.9879390e+000 -4.3410000e-003  5.8839943e-002
  1.9939840e+000 -6.7000000e-005  5.5927154e-002
  2.0000290e+000  4.5330000e-003  5.4158064e-002
  2.0060740e+000  5.7820000e-003  4.7163389e-002
  2.0121190e+000  1.0342000e-002  4.6021048e-002
  2.0181630e+000  4.7940000e-003  4.6576479e-002
  2.0242080e+000  6.0100000e-004  5.1274052e-002
  2.0302530e+000  4.3060000e-003  5.1613212e-002
  2.0362980e+000  5.1840000e-003  4.9061181e-002
  2.0423420e+000  6.8930000e-003  4.8596896e-002
  2.0483870e+000  8.0960000e-003  4.7362282e-002
  2.0544320e+000  8.0710000e-003  4.9595250e-002
  2.0604770e+000  8.4290000e-003  4.9324950e-002
  2.0665220e+000  1.0306000e-002  4.6690921e-002
  2.0725660e+000  1.3561000e-002  4.3254504e-002
  2.0786110e+000  1.1804000e-002  3.8957286e-002
  2.0846560e+000  1.7066000e-002  3.7936407e-002
  2.0907010e+000  1.6067000e-002  3.7073403e-002
  2.0967450e+000  1.0628000e-002  3.7699495e-002
  2.1027900e+000  4.8210000e-003  3.6802074e-002
  2.1088350e+000  1.5630000e-003  4.1348648e-002
  2.1148800e+000  3.1180000e-003  4.4321046e-002
  2.1209250e+000 -3.0660000e-003  4.7301581e-002
  2.1269690e+000  9.3930000e-003  4.2521108e-002
  2.1330140e+000 -2.8920000e-003  4.5580524e-002
  2.1390590e+000 -2.7140000e-003  5.0237593e-002
  2.1451040e+000  5.7170000e-003  4.5775105e-002
  2.1511480e+000  3.7750000e-003  5.4857850e-002
  2.1571930e+000  6.1440000e-003  5.1822214e-002
  2.1632380e+000  6.1630000e-003  5.6346558e-002
  2.1692830e+000  6.4000000e-003  5.3539223e-002
  2.1753280e+000  1.1474000e-002  4.7446462e-002
  2.1813720e+000  1.2237000e-002  4.1149082e-002
  2.1874170e+000  1.4665000e-002  3.3714042e-002
  2.1934620e+000  1.6898000e-002  3.4712151e-002
  2.1995070e+000  1.8729000e-002  3.8249183e-002
  2.2055510e+000  1.4573000e-002  4.3846164e-002
  2.2115960e+000  1.7042000e-002  4.0666656e-002
  2.2176410e+000  1.6584000e-002  4.4375828e-002
  2.2236860e+000  1.4383000e-002  5.0852720e-002
  2.2297310e+000  1.4966000e-002  4.4246709e-002
  2.2357750e+000  5.9670000e-003  5.5014427e-002
  2.2418200e+000  4.1670000e-003  4.8049114e-002
  2.2478650e+000  9.1400000e-004  5.0917094e-002
  2.2539100e+000 -2.7000000e-004  5.1585053e-002
  2.2599540e+000  8.1820000e-003  3.8870472e-002
  2.2659990e+000  5.3310000e-003  4.0720529e-002
  2.2720440e+000  1.3962000e-002  2.7279299e-002
  2.2780890e+000  8.2840000e-003  3.2491163e-002
  2.2841340e+000  7.4140000e-003  3.2502446e-002
  2.2901780e+000 -6.1810000e-003  3.5339378e-002
  2.2962230e+000 -7.0000000e-005  3.4697310e-002
  2.3022680e+000 -5.7600000e-004  3.7436980e-002
  2.3083130e+000  5.8590000e-003  4.0882048e-002
  2.3143570e+000  7.2840000e-003  3.4893879e-002
  2.3204020e+000  7.3940000e-003  3.8459820e-002
  2.3264470e+000  9.6750000e-003  3.2412431e-002
  2.3324920e+000  4.2990000e-003  4.0201243e-002
  2.3385360e+000  1.9860000e-003  3.3647632e-002
  2.3445810e+000  8.5000000e-005  3.4824909e-002
  2.3506260e+000 -5.6600000e-004  3.3075793e-002
  2.3566710e+000  9.0600000e-004  3.4731844e-002
  2.3627160e+000  1.0600000e-003  2.9865162e-002
  2.3687600e+000  3.0270000e-003  3.1906449e-002
  2.3748050e+000  3.9850000e-003  2.9160920e-002
  2.3808500e+000  4.1400000e-004  2.7898452e-002
  2.3868950e+000  3.5120000e-003  3.5581872e-002
  2.3929390e+000 -2.3510000e-003  3.6857699e-002
  2.3989840e+000  2.4990000e-003  3.9713931e-002
  2.4050290e+000 -5.8240000e-003  3.8968797e-002
  2.4110740e+000 -1.1500000e-004  3.7399652e-002
  2.4171190e+000 -2.7850000e-003  4.1084622e-002
  2.4231630e+000  2.3450000e-003  3.2672613e-002
  2.4292080e+000 -2.5930000e-003  3.3938628e-002
  2.4352530e+000 -5.8800000e-004  3.0021605e-002
  2.4412980e+000  2.3870000e-003  3.0125427e-002
  2.4473420e+000  2.2660000e-003  3.3731391e-002
  2.4533870e+000 -1.6500000e-003  3.2174880e-002
  2.4594320e+000 -6.9800000e-004  3.3727663e-002
  2.4654770e+000  3.6550000e-003  3.9611096e-002
  2.4715220e+000  3.0910000e-003  3.9256451e-002
  2.4775660e+000  1.2240000e-002  3.3879926e-002
  2.4836110e+000  7.4600000e-003  3.3438385e-002
  2.4896560e+000  1.3512000e-002  2.3816721e-002
  2.4957010e+000  2.1463000e-002  3.1128216e-002
  2.5017450e+000  1.4318000e-002  3.4672436e-002
  2.5077900e+000  1.0282000e-002  3.3806171e-002
  2.5138350e+000  8.3200000e-003  4.0732290e-002
  2.5198800e+000  7.7210000e-003  3.6697800e-002
  2.5259250e+000  3.3200000e-003  4.0074866e-002
  2.5319690e+000  5.7230000e-003  4.0934793e-002
  2.5380140e+000  4.4870000e-003  4.4756125e-002
  2.5440590e+000  1.2530000e-003  3.8859450e-002
  2.5501040e+000  4.1190000e-003  4.3996612e-002
  2.5561480e+000  1.3825000e-002  4.2641763e-002
  2.5621930e+000  9.9280000e-003  4.2104596e-002
  2.5682380e+000  1.1898000e-002  4.3323727e-002
  2.5742830e+000  1.3155000e-002  4.8604302e-002
  2.5803280e+000  1.2089000e-002  5.5482452e-002
  2.5863720e+000  1.3725000e-002  5.6190634e-002
  2.5924170e+000  1.8134000e-002  5.7919819e-002
  2.5984620e+000  2.1130000e-002  5.3292548e-002
  2.6045070e+000  1.9872000e-002  5.4181692e-002
  2.6105510e+000  1.3495000e-002  5.4563939e-002
  2.6165960e+000  1.2080000e-002  5.4293921e-002
  2.6226410e+000  9.7670000e-003  6.1743309e-002
  2.6286860e+000  1.5136000e-002  6.0028527e-002
  2.6347310e+000  1.0757000e-002  6.2862781e-002
  2.6407750e+000  1.1285000e-002  5.7545299e-002
  2.6468200e+000  1.1485000e-002  5.5641556e-002
  2.6528650e+000  1.0632000e-002  5.3384620e-002
  2.6589100e+000  1.3597000e-002  5.5460630e-002
  2.6649540e+000  1.5599000e-002  6.0944762e-002
  2.6709990e+000  1.5936000e-002  6.2205555e-002
  2.6770440e+000  1.0108000e-002  6.0430227e-002
  2.6830890e+000  7.8500000e-003  5.8877086e-002
  2.6891340e+000  2.7120000e-003  6.2534844e-002
  2.6951780e+000  4.0100000e-004  5.8236795e-002
  2.7012230e+000  5.6000000e-004  6.1022520e-002
  2.7072680e+000 -1.1190000e-003  5.9800242e-002
  2.7133130e+000  2.7860000e-003  5.8711660e-002
  2.7193570e+000  1.8630000e-003  6.0300034e-002
  2.7254020e+000  9.0810000e-003  5.8337347e-002
  2.7314470e+000  7.1290000e-003  5.9866280e-002
  2.7374920e+000  1.6616000e-002  5.9419829e-002
  2.7435370e+000  1.3359000e-002  6.2123684e-002
  2.7495810e+000  7.1730000e-003  6.3587656e-002
  2.7556260e+000  1.0039000e-002  6.5508818e-002
  2.7616710e+000  6.8840000e-003  5.9595365e-002
  2.7677160e+000  7.2660000e-003  5.9495816e-002
  2.7737600e+000  1.0360000e-002  5.6759111e-002
  2.7798050e+000  1.0792000e-002  5.6016626e-002
  2.7858500e+000  6.3660000e-003  5.3610659e-002
  2.7918950e+000  8.6270000e-003  4.8509644e-002
  2.7979400e+000  3.9650000e-003  4.7829294e-002
  2.8039840e+000  1.1670000e-002  4.4609594e-002
  2.8100290e+000  9.7310000e-003  4.7334183e-002
  2.8160740e+000  1.2116000e-002  4.5920047e-002
  2.8221190e+000  9.0780000e-003  4.6257504e-002
  2.8281630e+000  2.2870000e-003  4.8288298e-002
  2.8342080e+000  5.4390000e-003  4.1695908e-002
  2.8402530e+000 -8.6100000e-004  4.4682814e-002
  2.8462980e+000  3.4300000e-004  4.2543481e-002
  2.8523430e+000 -2.5260000e-003  4.2278475e-002
  2.8583870e+000 -4.5140000e-003  4.3725280e-002
  2.8644320e+000  1.8310000e-003  3.7949033e-002
  2.8704770e+000 -5.5600000e-004  4.3257606e-002
  2.8765220e+000 -5.6500000e-004  3.9828074e-002
  2.8825660e+000  6.9200000e-003  4.5306491e-002
  2.8886110e+000  3.7850000e-003  4.5576663e-002
  2.8946560e+000  1.8380000e-003  4.2433002e-002
  2.9007010e+000  1.3780000e-003  4.1726610e-002
  2.9067460e+000 -7.7470000e-003  4.5995886e-002
  2.9127900e+000 -6.9770000e-003  4.3179476e-002
  2.9188350e+000 -1.2850000e-003  3.8932549e-002
  2.9248800e+000 -1.9850000e-003  4.0883650e-002
  2.9309250e+000 -1.2400000e-003  4.4012207e-002
  2.9369690e+000 -5.7290000e-003  3.5547519e-002
  2.9430140e+000 -8.7910000e-003  3.6785225e-002
  2.9490590e+000 -9.3500000e-003  3.4434987e-002
  2.9551040e+000 -7.0710000e-003  3.4811035e-002
  2.9611490e+000 -3.3910000e-003  2.2742163e-002
  2.9671930e+000 -3.9610000e-003  2.6462831e-002
  2.9732380e+000 -1.3850000e-003  2.6620421e-002
  2.9792830e+000 -6.3650000e-003  3.0659622e-002
  2.9853280e+000 -4.1510000e-003  2.7031387e-002
  2.9913720e+000 -5.9980000e-003  2.5249854e-002
  2.9974170e+000 -6.7530000e-003  2.8290484e-002
  3.0034620e+000 -7.5510000e-003  2.9131018e-002
  3.0095070e+000 -7.9660000e-003  2.4362285e-002
  3.0155510e+000 -4.4850000e-003  1.9266438e-002
  3.0215960e+000 -4.4020000e-003  1.5446784e-002
  3.0276410e+000  8.3300000e-004  1.7668310e-002
  3.0336860e+000 -6.3600000e-004  1.3262103e-002
  3.0397310e+000  3.8200000e-004  1.2201451e-002
  3.0457750e+000 -6.5640000e-003  1.3517646e-002
  3.0518200e+000 -1.3750000e-003  1.0965233e-002
  3.0578650e+000 -2.0070000e-003  1.4078461e-002
  3.0639100e+000 -7.8110000e-003  1.4461884e-002
  3.0699540e+000 -4.3680000e-003  1.5709348e-002
  3.0759990e+000 -5.2740000e-003  1.4848504e-002
  3.0820440e+000 -7.2070000e-003  1.3835780e-002
  3.0880890e+000 -8.4200000e-003  1.1830582e-002
  3.0941340e+000 -1.0512000e-002  1.7945134e-002
  3.1001780e+000 -9.8710000e-003  1.3604437e-002
  3.1062230e+000 -5.8280000e-003  9.5516720e-003
  3.1122680e+000 -6.4300000e-003  1.3853339e-002
  3.1183130e+000 -4.8990000e-003  1.2919986e-002
  3.1243570e+000 -5.4910000e-003  1.2960465e-002
  3.1304020e+000 -9.4600000e-003  1.2483046e-002
  3.1364470e+000 -5.4880000e-003  1.2381309e-002
  3.1424920e+000 -7.0720000e-003  8.8547537e-003
  3.1485370e+000 -4.2840000e-003  6.4759758e-003
  3.1545810e+000 -2.5690000e-003  5.0693793e-003
  3.1606260e+000  2.5200000e-004  1.5598838e-003
  3.1666710e+000 -5.9670000e-003  5.1095735e-003
  3.1727160e+000 -4.1410000e-003  5.0251995e-003
  3.1787600e+000 -9.1450000e-003  1.0758650e-002
  3.1848050e+000 -6.7850000e-003  5.7244825e-003
  3.1908500e+000 -6.7390000e-003  8.7444216e-003
  3.1968950e+000 -8.8680000e-003  1.1282566e-002
  3.2029400e+000 -8.3690000e-003  3.7139273e-003
  3.2089840e+000 -9.5760000e-003  1.3306417e-002
  3.2150290e+000 -7.9220000e-003  1.1768662e-002
  3.2210740e+000 -8.6230000e-003  1.1972481e-002
  3.2271190e+000 -7.1180000e-003  1.3046815e-002
  3.2331630e+000 -9.8600000e-004  5.9226532e-003
  3.2392080e+000 -4.4140000e-003  7.0614088e-003
  3.2452530e+000 -6.7370000e-003  5.1549841e-003
  3.2512980e+000 -1.2260000e-003  3.4131448e-003
  3.2573430e+000 -9.5420000e-003  4.0849802e-003
  3.2633870e+000 -1.0510000e-002  1.5536965e-003
  3.2694320e+000 -7.1070000e-003 -2.4909125e-004
  3.2754770e+000 -7.8020000e-003  9.0741580e-004
  3.2815220e+000 -9.3810000e-003  5.1982671e-003
  3.2875660e+000 -1.4319000e-002  4.7742826e-003
  3.2936110e+000 -6.4950000e-003  6.9410551e-003
  3.2996560e+000 -7.7620000e-003  6.7986672e-003
  3.3057010e+000 -1.8300000e-003  6.3324877e-004
  3.3117460e+000 -7.0920000e-003  1.6371280e-003
  3.3177900e+000 -9.2330000e-003  3.1718972e-003
  3.3238350e+000 -6.7810000e-003  8.1460760e-004
  3.3298800e+000 -9.3450000e-003  7.5703933e-003
  3.3359250e+000 -6.8490000e-003  3.7444802e-003
  3.3419690e+000 -2.4800000e-004  1.7182414e-003
  3.3480140e+000 -1.3970000e-003  2.7650451e-003
  3.3540590e+000 -4.4120000e-003  1.5497135e-004
  3.3601040e+000 -2.8000000e-003  7.8964025e-003
  3.3661490e+000 -3.3050000e-003  4.7043537e-003
  3.3721930e+000 -1.0520000e-003  4.7170884e-003
  3.3782380e+000 -2.2100000e-003 -6.1763946e-004
  3.3842830e+000  1.9580000e-003  1.4847557e-003
  3.3903280e+000  6.8100000e-004 -3.3574450e-003
  3.3963720e+000 -2.1000000e-004  1.6999302e-003
  3.4024170e+000  2.5880000e-003 -4.9203487e-004
  3.4084620e+000  4.5820000e-003 -1.0371529e-003
  3.4145070e+000  4.7430000e-003  8.2113392e-004
  3.4205520e+000 -1.1930000e-003  1.8494272e-003
  3.4265960e+000 -3.5500000e-004  4.1831439e-003
  3.4326410e+000  3.7330000e-003  4.4530363e-003
  3.4386860e+000 -1.4800000e-004  5.3313698e-003
  3.4447310e+000 -1.0430000e-003  5.8306199e-003
  3.4507750e+000 -1.3900000e-004  9.3879014e-003
  3.4568200e+000 -2.5790000e-003  4.2135664e-003
  3.4628650e+000 -3.7770000e-003  8.3485872e-003
  3.4689100e+000 -3.2930000e-003  6.8687291e-003
  3.4749550e+000 -3.1860000e-003  7.4558265e-003
  3.4809990e+000  1.2820000e-003  6.4486071e-003
  3.4870440e+000 -3.9100000e-004  1.2517018e-002
  3.4930890e+000 -1.6620000e-003  8.0925046e-003
  3.4991340e+000  3.4400000e-004  7.5317620e-003
  3.5051780e+000 -5.6200000e-004  3.5649179e-003
  3.5112230e+000  1.9460000e-003  3.9183803e-003
  3.5172680e+000  4.5880000e-003  1.4335348e-003
  3.5233130e+000  6.6200000e-003  4.6810554e-004
  3.5293580e+000  4.4000000e-003  3.2065323e-004
  3.5354020e+000  3.3250000e-003 -1.1927280e-003
  3.5414470e+000  3.5800000e-004  4.1937000e-003
  3.5474920e+000 -9.1000000e-004  6.2010308e-003
  3.5535370e+000  4.0530000e-003  3.9920474e-003
  3.5595810e+000 -1.6870000e-003  6.0054725e-003
  3.5656260e+000 -2.1980000e-003  1.3477360e-003
  3.5716710e+000 -4.6310000e-003  4.4543700e-003
  3.5777160e+000  1.4100000e-003  8.2261160e-004
  3.5837610e+000  2.8110000e-003  2.0816916e-003
  3.5898050e+000  7.8900000e-004  6.6179337e-003
  3.5958500e+000  4.0250000e-003  9.0701714e-003
  3.6018950e+000 -9.5000000e-005  7.0522779e-003
  3.6079400e+000  6.2800000e-004  3.0996469e-003
  3.6139840e+000  1.4440000e-003  4.3551753e-003
  3.6200290e+000  2.4110000e-003  6.5151777e-003
  3.6260740e+000  8.4760000e-003  7.7711702e-003
  3.6321190e+000  7.0160000e-003  7.1414943e-003
  3.6381640e+000  5.4750000e-003  6.1710344e-003
  3.6442080e+000  3.5110000e-003  5.3435910e-003
  3.6502530e+000  2.0030000e-003  5.4884135e-003
  3.6562980e+000 -3.8300000e-004  5.7572679e-003
  3.6623430e+000 -5.0000000e-006  7.4015936e-003
  3.6683870e+000  2.8190000e-003  6.7469419e-003
  3.6744320e+000  3.8630000e-003  3.6056033e-003
  3.6804770e+000  1.0910000e-003  4.0298817e-003
  3.6865220e+000  4.2280000e-003  4.8622722e-003
  3.6925670e+000 -9.6700000e-004  1.0783998e-002
  3.6986110e+000  7.2700000e-004  9.1784941e-003
  3.7046560e+000 -4.1070000e-003  9.3057632e-003
  3.7107010e+000 -6.2060000e-003  1.3024346e-002
  3.7167460e+000 -1.8530000e-003  8.5597792e-003
  3.7227900e+000 -2.1370000e-003  8.8738943e-003
  3.7288350e+000 -3.3600000e-004  5.3194883e-003
  3.7348800e+000  1.3560000e-003  6.2344222e-003
  3.7409250e+000  5.2400000e-004  5.4383932e-003
  3.7469690e+000 -2.8540000e-003  9.9962131e-003
  3.7530140e+000 -2.4700000e-004  6.8825226e-003
  3.7590590e+000  1.6900000e-003  8.9623714e-003
  3.7651040e+000  5.2090000e-003  4.5152127e-003
  3.7711490e+000  8.9710000e-003  2.8434062e-003
  3.7771930e+000  3.4620000e-003  1.0478081e-003
  3.7832380e+000 -2.4200000e-004  1.4109291e-003
  3.7892830e+000 -5.6470000e-003  2.9745846e-003
  3.7953280e+000 -3.3060000e-003  6.5870724e-003
  3.8013720e+000 -4.5400000e-004  7.0702967e-003
  3.8074170e+000 -4.8800000e-004  5.7637330e-003
  3.8134620e+000  1.9590000e-003  6.3400370e-003
  3.8195070e+000 -8.8200000e-004  5.4059068e-003
  3.8255520e+000 -1.7200000e-004  2.6636190e-003
  3.8315960e+000  4.4400000e-004  3.9289046e-004
  3.8376410e+000  1.1890000e-003  1.8054477e-003
  3.8436860e+000  5.9850000e-003  3.4664897e-003
  3.8497310e+000  3.6220000e-003  6.6768136e-003
  3.8557750e+000  5.6180000e-003  3.5362581e-003
  3.8618200e+000  4.8700000e-003  6.6028571e-003
  3.8678650e+000  4.7660000e-003  7.5706035e-003
  3.8739100e+000  3.6510000e-003  9.2519709e-003
  3.8799550e+000  4.8450000e-003  7.9168250e-003
  3.8859990e+000  2.0060000e-003  5.8522574e-003
  3.8920440e+000  1.6230000e-003  5.9195253e-003
  3.8980890e+000  2.4830000e-003  4.8524302e-003
  3.9041340e+000  1.7100000e-003  5.9439971e-003
  3.9101780e+000 -5.7600000e-004  6.8969799e-003
  3.9162230e+000  3.6140000e-003  7.1655634e-003
  3.9222680e+000  2.3420000e-003  6.1537691e-003
  3.9283130e+000  1.7280000e-003  4.8580602e-003
  3.9343580e+000  4.5440000e-003  3.8491582e-003
  3.9404020e+000  5.6630000e-003  3.3809160e-003
  3.9464470e+000  4.5520000e-003  4.0284085e-003
  3.9524920e+000  6.5930000e-003  2.9925108e-003
  3.9585370e+000  2.8760000e-003  7.5097516e-004
  3.9645810e+000  1.3160000e-003  4.0871708e-003
  3.9706260e+000  1.3390000e-003  5.8556404e-003
  3.9766710e+000  1.1610000e-003  4.8175717e-003
  3.9827160e+000  2.5530000e-003  1.9311202e-003
  3.9887610e+000  2.3130000e-003  5.8956118e-003
  3.9948050e+000  4.1900000e-003  5.5415834e-003
  4.0008500e+000  4.3000000e-003  5.6565247e-003
  4.0068950e+000  6.5300000e-003  5.2937899e-003
  4.0129400e+000  5.1150000e-003  1.1275772e-002
  4.0189840e+000  4.7290000e-003  9.4381959e-003
  4.0250290e+000 -5.9400000e-004  8.3409168e-003
  4.0310740e+000 -9.4000000e-005  6.1925592e-003
  4.0371190e+000  6.3700000e-004  8.6721784e-003
  4.0431640e+000  7.9200000e-004  1.0216778e-002
  4.0492080e+000  5.7440000e-003  7.1167000e-003
  4.0552530e+000  5.5110000e-003  1.0682161e-002
  4.0612980e+000  8.9560000e-003  8.1861869e-003
  4.0673430e+000  1.0165000e-002  8.8322602e-003
  4.0733870e+000  8.8860000e-003  1.1645497e-002
  4.0794320e+000  4.5830000e-003  9.5151284e-003
  4.0854770e+000  5.3990000e-003  6.8376568e-003
  4.0915220e+000  3.7070000e-003  8.4077228e-003
  4.0975670e+000  1.3460000e-003  9.2836094e-003
  4.1036110e+000  4.5270000e-003  8.5933764e-003
  4.1096560e+000  7.2270000e-003  7.9188454e-003
  4.1157010e+000  9.3270000e-003  5.8915436e-003
  4.1217460e+000  1.2469000e-002  6.5243405e-003
  4.1277900e+000  9.6070000e-003  8.3703033e-003
  4.1338350e+000  1.0045000e-002  1.1063506e-002
  4.1398800e+000  1.1426000e-002  8.3639604e-003
  4.1459250e+000  9.8070000e-003  8.5665603e-003
  4.1519700e+000  5.4200000e-003  6.8935637e-003
  4.1580140e+000  8.6100000e-003  1.0494862e-002
  4.1640590e+000  3.0710000e-003  1.0894826e-002
  4.1701040e+000 -1.3160000e-003  1.3788829e-002
  4.1761490e+000  3.2200000e-004  1.5218574e-002
  4.1821930e+000  3.0090000e-003  1.5060386e-002
  4.1882380e+000  6.7710000e-003  1.3553580e-002
  4.1942830e+000  7.9700000e-003  1.3837840e-002
  4.2003280e+000  8.1070000e-003  1.3071376e-002
  4.2063730e+000  8.4440000e-003  1.1876169e-002
  4.2124170e+000  8.8310000e-003  9.7650263e-003
  4.2184620e+000  6.6640000e-003  1.1567482e-002
  4.2245070e+000  6.7970000e-003  1.0408893e-002
  4.2305520e+000  5.4250000e-003  1.1763970e-002
  4.2365960e+000  8.9500000e-004  1.3191750e-002
  4.2426410e+000 -2.8800000e-004  1.4254990e-002
  4.2486860e+000  1.8400000e-004  1.1861756e-002
  4.2547310e+000  1.1940000e-003  1.3431854e-002
  4.2607760e+000  2.6190000e-003  1.2078685e-002
  4.2668200e+000  3.0460000e-003  8.3177936e-003
  4.2728650e+000  2.6680000e-003  5.4034679e-003
  4.2789100e+000  1.7500000e-003  6.2092484e-003
  4.2849550e+000 -2.5860000e-003  6.9655974e-003
  4.2909990e+000  9.9600000e-004  5.8531597e-003
  4.2970440e+000  4.4880000e-003  2.5294063e-003
  4.3030890e+000  5.1440000e-003  4.2819291e-003
  4.3091340e+000  2.3170000e-003  6.5177369e-003
  4.3151790e+000  2.0570000e-003  7.4106029e-003
  4.3212230e+000  1.7000000e-005  9.9767818e-003
  4.3272680e+000  1.6080000e-003  9.2993060e-003
  4.3333130e+000  3.4380000e-003  1.2296057e-002
  4.3393580e+000  2.8400000e-003  1.2717849e-002
  4.3454020e+000  5.4630000e-003  1.0912659e-002
  4.3514470e+000  7.3980000e-003  1.2374945e-002
  4.3574920e+000  1.0975000e-002  7.4891010e-003
  4.3635370e+000  1.0019000e-002  7.8361927e-003
  4.3695820e+000  8.9640000e-003  5.1664372e-003
  4.3756260e+000  4.4780000e-003  8.4865934e-003
  4.3816710e+000  5.7600000e-003  7.2192006e-003
  4.3877160e+000  9.2860000e-003  6.8930109e-003
  4.3937610e+000  7.4000000e-003  5.5945077e-003
  4.3998050e+000  3.7400000e-003  9.5520052e-003
  4.4058500e+000  3.2270000e-003  7.5657061e-003
  4.4118950e+000  1.4600000e-003  8.4446758e-003
  4.4179400e+000  3.1380000e-003  4.6536718e-003
  4.4239840e+000  1.4900000e-004  3.4849114e-003
  4.4300290e+000  2.9080000e-003  4.3159763e-003
  4.4360740e+000  9.8090000e-003  4.4311228e-003
  4.4421190e+000  9.4830000e-003  3.4384240e-003
  4.4481640e+000  8.7980000e-003  3.2777439e-003
  4.4542080e+000  9.6600000e-003  2.7702114e-003
  4.4602530e+000  3.6800000e-003  5.7541282e-003
  4.4662980e+000  1.4100000e-004  1.2093661e-002
  4.4723430e+000 -2.5750000e-003  1.1226692e-002
  4.4783870e+000 -5.8800000e-004  7.7876045e-003
  4.4844320e+000 -1.7040000e-003  7.9396907e-003
  4.4904770e+000 -2.4600000e-004  8.5308039e-003
  4.4965220e+000  6.2600000e-004  7.6410843e-003
  4.5025670e+000 -2.1960000e-003  7.2082985e-003
  4.5086110e+000 -8.5400000e-004  6.0757828e-003
  4.5146560e+000  2.4240000e-003  4.6248344e-003
  4.5207010e+000  3.6280000e-003  6.0595013e-003
  4.5267460e+000  3.4660000e-003  5.8059332e-003
  4.5327900e+000  4.1250000e-003  3.8152999e-003
  4.5388350e+000  1.2920000e-003  6.3364200e-003
  4.5448800e+000 -9.9700000e-004  2.8275590e-003
  4.5509250e+000  4.1100000e-004  3.4076081e-003
  4.5569700e+000  4.6510000e-003  4.9292557e-003
  4.5630140e+000  4.2620000e-003  1.0728359e-003
  4.5690590e+000  3.7710000e-003  5.5372507e-004
  4.5751040e+000  1.1830000e-003  1.7647599e-003
  4.5811490e+000  3.5200000e-004  3.5440123e-003
  4.5871930e+000 -2.8380000e-003  7.8997137e-003
  4.5932380e+000 -7.9000000e-005  9.9867785e-003
  4.5992830e+000 -8.9300000e-004  1.4314813e-002
  4.6053280e+000  1.2550000e-003  1.0761012e-002
  4.6113730e+000 -2.4710000e-003  1.2417945e-002
  4.6174170e+000 -4.1100000e-004  9.8973919e-003
  4.6234620e+000 -1.9580000e-003  7.3772443e-003
  4.6295070e+000 -3.0700000e-004  4.9976456e-003
  4.6355520e+000 -1.7050000e-003  7.2244094e-003
  4.6415960e+000 -2.6050000e-003  6.0272530e-003
  4.6476410e+000 -1.0310000e-003  5.1779953e-003
  4.6536860e+000 -1.9150000e-003  9.1183396e-003
  4.6597310e+000  4.1000000e-004  7.1083268e-003
  4.6657760e+000  5.8000000e-005  5.2663145e-003
  4.6718200e+000 -8.5400000e-004  4.2087828e-003
  4.6778650e+000 -5.7200000e-004  3.7831051e-003
  4.6839100e+000 -2.6950000e-003  5.5959374e-003
  4.6899550e+000 -5.5010000e-003  4.2636522e-003
  4.6959990e+000 -5.7150000e-003  3.0824572e-003
  4.7020440e+000 -3.1630000e-003  4.4682961e-003
  4.7080890e+000 -6.0430000e-003  6.8471958e-003
  4.7141340e+000 -2.3790000e-003  3.8788234e-003
  4.7201790e+000  9.9400000e-004  1.8885971e-003
  4.7262230e+000  2.0620000e-003  4.7500931e-004
  4.7322680e+000  1.6160000e-003  1.4525563e-003
  4.7383130e+000 -1.8120000e-003  5.4603119e-003
  4.7443580e+000 -7.8750000e-003  2.0548820e-003
  4.7504020e+000 -8.4160000e-003  4.0187069e-003
  4.7564470e+000 -3.3830000e-003  3.8374134e-003
  4.7624920e+000 -2.8740000e-003  2.6385874e-003
  4.7685370e+000 -1.4330000e-003  1.5089188e-003
  4.7745820e+000 -3.6900000e-003  1.0560590e-003
  4.7806260e+000 -2.8160000e-003  7.3690193e-004
  4.7866710e+000 -2.1910000e-003 -1.6112951e-003
  4.7927160e+000  1.9300000e-003 -5.2351203e-003
  4.7987610e+000  3.0000000e-005 -1.0392561e-002
  4.8048050e+000 -3.7730000e-003 -8.2402876e-003
  4.8108500e+000 -5.3960000e-003 -5.5808129e-003
  4.8168950e+000 -6.4010000e-003  1.4624958e-003
  4.8229400e+000 -9.5840000e-003  2.6601662e-003
  4.8289850e+000 -1.0975000e-002  1.0828990e-003
  4.8350290e+000 -1.1213000e-002 -9.6704674e-004
  4.8410740e+000 -7.8900000e-003 -1.7337266e-005
  4.8471190e+000 -8.1010000e-003 -1.0056884e-003
  4.8531640e+000 -5.7150000e-003 -2.6254277e-004
  4.8592080e+000 -7.0150000e-003 -1.2122130e-003
  4.8652530e+000 -9.3270000e-003 -4.1954356e-004
  4.8712980e+000 -8.6420000e-003 -1.2638635e-003
  4.8773430e+000 -4.7780000e-003 -2.1219789e-003
  4.8833880e+000 -2.0900000e-003 -4.1628853e-003
  4.8894320e+000 -1.3300000e-003 -2.4521088e-003
  4.8954770e+000 -3.9970000e-003  2.5170456e-004
  4.9015220e+000 -2.7380000e-003 -7.6915785e-004
  4.9075670e+000 -5.7900000e-003  5.0036087e-004
  4.9136110e+000 -7.2230000e-003  8.6627971e-004
  4.9196560e+000 -6.9370000e-003 -4.8912728e-003
  4.9257010e+000 -3.2610000e-003 -6.0352698e-003
  4.9317460e+000 -4.6800000e-003 -6.4434130e-003
  4.9377910e+000 -4.6900000e-003 -8.6522258e-003
  4.9438350e+000 -5.4800000e-003 -7.8374408e-003
  4.9498800e+000 -5.7550000e-003 -6.2437942e-003
  4.9559250e+000 -4.7760000e-003 -4.5644163e-003
  4.9619700e+000 -3.7400000e-003 -2.5370052e-003
  4.9680140e+000 -5.3590000e-003 -1.9044054e-003
  4.9740590e+000 -7.2490000e-003 -3.6420337e-003
  4.9801040e+000 -7.6130000e-003 -6.1474214e-003
  4.9861490e+000 -1.1526000e-002 -5.8650889e-003
  4.9921940e+000 -9.1700000e-003 -5.0363818e-003
  4.9982380e+000 -8.7800000e-004 -9.7139681e-003
  5.0042830e+000 -7.8400000e-004 -1.1096527e-002
  5.0103280e+000  8.8100000e-004 -1.1945188e-002
  5.0163730e+000 -2.3500000e-004 -9.7231019e-003
  5.0224170e+000  2.1160000e-003 -7.2128013e-003
  5.0284620e+000 -8.7400000e-004 -1.7198429e-003
  5.0345070e+000 -2.1030000e-003 -1.8675420e-003
  5.0405520e+000 -1.9060000e-003 -5.1221289e-003
  5.0465970e+000 -2.4520000e-003 -4.5207104e-003
  5.0526410e+000  6.0300000e-004 -5.9473853e-003
  5.0586860e+000  2.9340000e-003 -3.1667103e-003
  5.0647310e+000 -1.0370000e-003 -3.9416924e-003
  5.0707760e+000 -2.5650000e-003 -3.4254956e-003
  5.0768200e+000 -2.4570000e-003 -6.3661168e-003
  5.0828650e+000 -5.1900000e-004 -7.6609868e-003
  5.0889100e+000  1.4410000e-003 -9.8216686e-003
  5.0949550e+000  2.3450000e-003 -9.4633871e-003
  5.1009990e+000  1.1690000e-003 -7.3261780e-003
  5.1070440e+000  5.9100000e-004 -6.3297607e-003
  5.1130890e+000 -8.8000000e-005 -8.0007531e-003
  5.1191340e+000 -1.8500000e-004 -8.9930377e-003
  5.1251790e+000  7.4100000e-004 -1.1502568e-002
  5.1312230e+000 -1.0410000e-003 -7.4788175e-003
  5.1372680e+000 -1.5650000e-003 -7.6842108e-003
  5.1433130e+000  1.2260000e-003 -7.5501448e-003
  5.1493580e+000  2.1620000e-003 -6.9068622e-003
  5.1554020e+000  4.9800000e-004 -8.2739202e-003
  5.1614470e+000  3.8500000e-003 -9.8620534e-003
  5.1674920e+000  8.5240000e-003 -1.1723328e-002
  5.1735370e+000  6.6520000e-003 -1.0204893e-002
  5.1795820e+000  4.5280000e-003 -6.8953423e-003
  5.1856260e+000  2.9810000e-003 -5.3364899e-003
  5.1916710e+000 -5.2500000e-004 -5.6336745e-003
  5.1977160e+000 -6.3000000e-005 -8.7017209e-003
  5.2037610e+000  1.6330000e-003 -8.9906619e-003
  5.2098050e+000 -9.8000000e-004 -5.3616591e-003
  5.2158500e+000 -2.5880000e-003 -3.4139651e-003
  5.2218950e+000 -5.4000000e-005 -5.4631894e-003
  5.2279400e+000  2.6200000e-004 -7.8953034e-003
  5.2339850e+000 -1.4230000e-003 -8.7322683e-003
  5.2400290e+000  9.8400000e-004 -8.1802157e-003
  5.2460740e+000  2.4900000e-004 -5.7199601e-003
  5.2521190e+000  5.0900000e-004 -3.1128260e-003
  5.2581640e+000  2.7550000e-003 -3.3300603e-003
  5.2642080e+000  4.9430000e-003 -7.0616091e-003
  5.2702530e+000  5.4980000e-003 -6.4954960e-003
  5.2762980e+000  1.0120000e-003 -6.2213398e-003
  5.2823430e+000  1.3790000e-003 -5.2981082e-003
  5.2883880e+000  3.4210000e-003 -6.0637246e-003
  5.2944320e+000  3.0030000e-003 -7.3443017e-003
  5.3004770e+000  2.9100000e-004 -5.8521461e-003
  5.3065220e+000  5.0060000e-003 -5.3728882e-003
  5.3125670e+000  5.0170000e-003 -6.7987940e-003
  5.3186110e+000  3.5580000e-003 -4.4491886e-003
  5.3246560e+000 -2.6000000e-005 -3.8333134e-003
  5.3307010e+000 -8.6600000e-004 -4.8425927e-003
  5.3367460e+000  2.7020000e-003 -8.0819684e-003
  5.3427910e+000  2.1660000e-003 -6.8787371e-003
  5.3488350e+000 -7.7500000e-004 -2.7289957e-003
  5.3548800e+000  4.0300000e-004 -6.0864222e-004
  5.3609250e+000  1.6720000e-003 -1.1626918e-003
  5.3669700e+000  2.7420000e-003 -1.7257170e-003
  5.3730140e+000  5.8800000e-003 -5.2120452e-003
  5.3790590e+000  4.4270000e-003 -7.3967521e-003
  5.3851040e+000  5.1830000e-003 -4.3181008e-003
  5.3911490e+000  1.2580000e-003 -3.2131437e-003
  5.3971940e+000  4.8330000e-003 -3.4565504e-003
  5.4032380e+000  3.1900000e-003 -1.1777014e-003
  5.4092830e+000  4.7710000e-003 -1.4349901e-003
  5.4153280e+000  4.2550000e-003 -3.9961331e-003
  5.4213730e+000  1.0340000e-003 -4.3251515e-003
  5.4274170e+000  3.2270000e-003 -3.3652939e-003
  5.4334620e+000  2.8740000e-003  3.0412586e-005
  5.4395070e+000  7.4730000e-003 -2.1609585e-003
  5.4455520e+000  7.5880000e-003 -7.1861075e-004
  5.4515970e+000  5.8100000e-003 -1.9747352e-003
  5.4576410e+000  3.8360000e-003 -1.5919914e-003
  5.4636860e+000  3.0500000e-004  1.3637919e-003
  5.4697310e+000  2.3740000e-003 -1.6832298e-003
  5.4757760e+000  4.7940000e-003 -1.7415206e-003
  5.4818200e+000  3.4090000e-003  8.7189997e-004
  5.4878650e+000  1.8120000e-003  7.1688102e-005
  5.4939100e+000  2.7740000e-003  3.6528410e-004
  5.4999550e+000  1.5250000e-003  2.7595936e-004
  5.5060000e+000  2.3720000e-003  1.1972076e-003
  5.5120440e+000  7.5300000e-004  2.5468075e-003
  5.5180890e+000  4.1180000e-003  1.7213309e-003
  5.5241340e+000  5.2490000e-003  1.4174640e-003
  5.5301790e+000  5.1280000e-003  1.9554286e-003
  5.5362230e+000  2.3800000e-003  3.5694579e-003
  5.5422680e+000  2.1850000e-003  2.5036073e-003
  5.5483130e+000  3.8080000e-003  2.1611326e-003
  5.5543580e+000  4.6080000e-003 -6.4839528e-005
  5.5604030e+000  5.4980000e-003 -2.2394960e-003
  5.5664470e+000  5.8700000e-003 -3.5408581e-003
  5.5724920e+000  8.7690000e-003 -4.4484134e-003
  5.5785370e+000  6.9350000e-003 -4.7132897e-003
  5.5845820e+000  4.3250000e-003 -4.8864431e-003
  5.5906260e+000  6.0100000e-003 -3.5134782e-003
  5.5966710e+000  4.3630000e-003 -7.2754310e-005
  5.6027160e+000  2.2770000e-003  1.7004855e-003
  5.6087610e+000  1.9020000e-003  7.8800374e-004
  5.6148060e+000  3.6230000e-003  2.1409492e-004
  5.6208500e+000  5.9460000e-003 -2.7314804e-003
  5.6268950e+000  3.5260000e-003 -2.1231897e-003
  5.6329400e+000  2.2740000e-003  1.5964169e-004
  5.6389850e+000  1.9330000e-003  1.2427236e-003
  5.6450290e+000  1.9630000e-003  1.1811621e-003
  5.6510740e+000  1.7250000e-003 -7.8778368e-004
  5.6571190e+000  3.2090000e-003 -2.3535700e-004
  5.6631640e+000  5.8900000e-004  1.7846768e-003
  5.6692090e+000 -2.8540000e-003  5.6982131e-003
  5.6752530e+000 -2.8880000e-003  5.8906494e-003
  5.6812980e+000 -6.1500000e-004  4.3430098e-003
  5.6873430e+000 -1.3430000e-003  2.1432345e-003
  5.6933880e+000 -2.5510000e-003  4.1254424e-003
  5.6994320e+000 -1.9350000e-003  3.4487139e-003
  5.7054770e+000  7.6100000e-004  3.0490578e-003
  5.7115220e+000  7.6100000e-004  6.3730578e-003
  5.7175670e+000  1.8870000e-003  6.6507845e-003
  5.7236120e+000  2.6400000e-004  5.7192592e-003
  5.7296560e+000 -1.6900000e-003  1.4646286e-003
  5.7357010e+000 -7.0400000e-004 -2.9402452e-004
  5.7417460e+000 -1.0190000e-003 -7.6629236e-005
  5.7477910e+000 -1.1990000e-003 -2.3726050e-004
  5.7538350e+000 -1.8700000e-003  1.4419974e-003
  5.7598800e+000 -7.0600000e-004  2.0934129e-003
  5.7659250e+000  8.3100000e-004  2.4517477e-003
  5.7719700e+000  3.4670000e-003  1.5072145e-003
  5.7780150e+000  6.3570000e-003  1.2291276e-003
  5.7840590e+000  4.7050000e-003  1.3504451e-003
  5.7901040e+000  7.0100000e-004  3.4121807e-003
  5.7961490e+000  1.7940000e-003  4.6246250e-003
  5.8021940e+000 -3.6300000e-004  4.8688936e-003
  5.8082380e+000  6.2200000e-004  5.9329592e-003
  5.8142830e+000 -2.9580000e-003  2.9729595e-003
  5.8203280e+000 -3.3890000e-003  2.0547257e-003
  5.8263730e+000  1.0630000e-003  9.0600577e-004
  5.8324170e+000  2.7310000e-003  2.9791889e-003
  5.8384620e+000  3.1110000e-003  1.2090771e-003
  5.8445070e+000  1.2320000e-003  1.0215429e-003
  5.8505520e+000  5.3300000e-004  2.6039248e-003
  5.8565970e+000  4.4170000e-003 -6.4056493e-004
  5.8626410e+000  4.0660000e-003 -4.7852959e-003
  5.8686860e+000  2.2070000e-003 -4.5022044e-003
  5.8747310e+000  2.2530000e-003 -5.0702653e-003
  5.8807760e+000 -3.5920000e-003 -2.3663751e-003
  5.8868200e+000 -5.2770000e-003 -3.2253400e-003
  5.8928650e+000 -6.2600000e-003 -1.5218430e-003
  5.8989100e+000 -4.7850000e-003  8.0305211e-004
  5.9049550e+000 -1.5750000e-003  6.5397640e-004
  5.9110000e+000 -1.0700000e-003  1.5800252e-003
  5.9170440e+000  6.2000000e-005 -6.9560341e-005
  5.9230890e+000 -4.3480000e-003  3.7649736e-003
  5.9291340e+000 -5.3070000e-003  3.8122214e-003
  5.9351790e+000 -4.7000000e-003  2.7079613e-003
  5.9412230e+000 -4.1970000e-003  2.4404476e-003
  5.9472680e+000 -4.7660000e-003  1.2493965e-003
  5.9533130e+000 -4.7830000e-003  3.0506147e-003
  5.9593580e+000 -3.2260000e-003  4.7655752e-003
  5.9654030e+000  3.8000000e-005  2.4516888e-003
  5.9714470e+000 -1.1570000e-003 -1.7424465e-003
  5.9774920e+000  2.6500000e-004 -5.1504595e-003
  5.9835370e+000 -1.5850000e-003 -2.9108364e-003
  5.9895820e+000  1.7680000e-003 -2.4646884e-003
  5.9956260e+000  2.7620000e-003 -1.8870913e-003
  6.0016710e+000  1.8950000e-003 -9.5596526e-004
  6.0077160e+000 -4.0100000e-004 -4.8795215e-005
  6.0137610e+000 -2.2200000e-004 -1.5394452e-003
  6.0198060e+000 -2.2700000e-004 -7.8851655e-005
  6.0258500e+000 -3.8500000e-004 -7.5429466e-004
  6.0318950e+000 -1.5260000e-003  1.4287594e-003
  6.0379400e+000  1.1540000e-003  1.7546027e-003
  6.0439850e+000  5.0340000e-003 -1.1710122e-003
  6.0500290e+000  3.6050000e-003  1.7130318e-003
  6.0560740e+000 -2.7040000e-003 -1.4859417e-004
  6.0621190e+000 -7.7700000e-004  6.0944169e-004
  6.0681640e+000 -2.2360000e-003  1.8900471e-003
  6.0742090e+000 -2.4450000e-003 -4.7874140e-004
  6.0802530e+000 -3.4910000e-003 -1.1096532e-004
  6.0862980e+000  1.8200000e-004 -2.9618062e-003
  6.0923430e+000 -4.2760000e-003 -2.4277739e-003
  6.0983880e+000 -3.1460000e-003 -2.6769221e-003
  6.1044320e+000 -3.5660000e-003 -1.6890617e-003
  6.1104770e+000 -3.2980000e-003 -1.2286774e-003
  6.1165220e+000 -4.8220000e-003 -1.6593554e-003
  6.1225670e+000 -2.3150000e-003 -2.8317437e-004
  6.1286120e+000 -3.9200000e-004  1.9187363e-003
  6.1346560e+000 -2.7470000e-003  1.6003106e-003
  6.1407010e+000 -1.6400000e-003  2.7626929e-003
  6.1467460e+000  7.2400000e-004 -4.4349787e-005
  6.1527910e+000  2.3940000e-003  2.8023959e-003
  6.1588350e+000  7.3300000e-004  4.7431818e-003
  6.1648800e+000  1.5000000e-003  5.0189272e-003
  6.1709250e+000 -2.2320000e-003  2.1151723e-003
  6.1769700e+000 -2.5210000e-003  4.8658810e-003
  6.1830150e+000  4.4570000e-003  6.3466865e-003
  6.1890590e+000  2.8220000e-003  4.4627858e-003
  6.1951040e+000 -4.7800000e-004  1.2395459e-003
  6.2011490e+000 -2.9400000e-003 -1.2939774e-003
  6.2071940e+000 -1.8660000e-003 -3.0238775e-003
  6.2132380e+000 -4.5500000e-004 -8.5498460e-004
  6.2192830e+000 -1.9770000e-003  1.7889990e-004
  6.2253280e+000 -4.7380000e-003  1.7612725e-003
  6.2313730e+000 -4.3770000e-003  3.3618163e-003
  6.2374180e+000 -6.2500000e-003  2.8189698e-003
  6.2434620e+000 -1.7520000e-003  1.6018899e-004
  6.2495070e+000  3.5120000e-003 -2.6991277e-003
  6.2555520e+000  1.7500000e-003 -4.5357516e-003
  6.2615970e+000  1.1860000e-003 -5.1439620e-004
  6.2676410e+000  2.6690000e-003  2.8657492e-003
  6.2736860e+000  4.1940000e-003  1.8457086e-003
  6.2797310e+000  5.1880000e-003  1.1413057e-003
  6.2857760e+000  4.4810000e-003  3.1643730e-004
  6.2918210e+000  4.7670000e-003 -2.4991152e-003
  6.2978650e+000  4.1440000e-003 -1.3073557e-003
  6.3039100e+000  5.3500000e-004 -4.6651262e-004
  6.3099550e+000 -2.3420000e-003 -3.2167691e-003
  6.3160000e+000 -2.9530000e-003 -3.9256341e-003
  6.3220440e+000  4.6100000e-004 -1.2273277e-003
  6.3280890e+000  1.8580000e-003 -1.2237280e-004
  6.3341340e+000  4.2730000e-003  3.4079301e-003
  6.3401790e+000  6.2300000e-004  4.1772404e-003
  6.3462240e+000  1.0860000e-003  5.1484753e-003
  6.3522680e+000 -3.6000000e-005  3.2708737e-003
  6.3583130e+000  1.7320000e-003  1.1671853e-003
  6.3643580e+000  4.3770000e-003  3.0718368e-004
  6.3704030e+000  4.4000000e-005 -1.5066235e-003
  6.3764470e+000 -7.0300000e-004 -3.3627432e-003
  6.3824920e+000 -2.0040000e-003 -3.7086948e-003
  6.3885370e+000  4.1600000e-004 -4.3429855e-003
  6.3945820e+000 -1.2870000e-003 -4.5310136e-003
  6.4006270e+000  1.3410000e-003 -5.5267971e-003
  6.4066710e+000  4.6700000e-004 -5.8586400e-003
  6.4127160e+000  1.5080000e-003 -4.0908225e-003
  6.4187610e+000 -2.4720000e-003 -3.0033361e-003
  6.4248060e+000  3.8200000e-004 -3.4535492e-003
  6.4308500e+000  2.0960000e-003 -5.2244270e-003
  6.4368950e+000  4.1590000e-003 -5.1171364e-003
  6.4429400e+000  6.9200000e-004 -4.5783509e-003
  6.4489850e+000 -1.8550000e-003 -2.6417833e-003
  6.4550300e+000 -3.3810000e-003 -1.3450240e-003
  6.4610740e+000 -3.2520000e-003 -1.7207382e-003
  6.4671190e+000  2.2880000e-003 -1.1954203e-003
  6.4731640e+000  6.5120000e-003 -1.3382732e-003
  6.4792090e+000  3.0700000e-003  2.9465444e-003
  6.4852530e+000  1.0100000e-004  4.5324098e-003
  6.4912980e+000 -6.0200000e-004  3.8636665e-003
  6.4973430e+000 -1.5500000e-004  5.8364009e-003
  6.5033880e+000 -2.0740000e-003  3.2826153e-003
  6.5094320e+000 -3.8030000e-003  6.2627381e-004
  6.5154770e+000 -5.2840000e-003 -2.5803090e-003
  6.5215220e+000 -1.5720000e-003 -1.5121797e-003
  6.5275670e+000  2.3270000e-003 -3.7114502e-003
  6.5336120e+000  2.7510000e-003 -5.3611854e-003
  6.5396560e+000 -2.9900000e-004 -2.1541042e-003
  6.5457010e+000 -2.5370000e-003  1.2143804e-003
  6.5517460e+000  6.4600000e-004 -2.2602900e-003
  6.5577910e+000  3.4430000e-003 -2.7955363e-003
  6.5638350e+000  1.4180000e-003 -3.6941381e-003
  6.5698800e+000 -2.8970000e-003  1.8311786e-004
  6.5759250e+000 -2.8950000e-003 -4.0831957e-004
  6.5819700e+000 -1.0490000e-003 -1.0500678e-003
  6.5880150e+000 -3.4290000e-003  1.5384743e-003
  6.5940590e+000 -4.2730000e-003  2.6510699e-003
  6.6001040e+000 -6.2140000e-003  3.9870961e-003
  6.6061490e+000 -1.9000000e-004  2.5555559e-003
  6.6121940e+000 -2.6470000e-003  1.9304391e-003
  6.6182380e+000 -5.7460000e-003  4.0747374e-003
  6.6242830e+000  1.2080000e-003 -4.1742079e-003
  6.6303280e+000  1.5940000e-003 -3.9736320e-003
  6.6363730e+000 -1.3670000e-003  7.1148364e-004
  6.6424180e+000 -5.2650000e-003  3.0170354e-003
  6.6484620e+000 -4.0400000e-003  2.5160931e-004
  6.6545070e+000  5.6000000e-004 -8.9480498e-005
  6.6605520e+000 -1.5040000e-003  2.8499476e-003
  6.6665970e+000  2.4100000e-003  1.8508964e-003
  6.6726410e+000  3.2310000e-003 -2.5616873e-004
  6.6786860e+000  5.6000000e-005 -1.2842480e-003
  6.6847310e+000 -1.4660000e-003  1.1546364e-003
  6.6907760e+000 -5.6490000e-003  3.6210220e-003
  6.6968210e+000 -1.6220000e-002  2.5575601e-003
  6.7028650e+000 -9.8710000e-003  5.0204375e-003
  6.7089100e+000 -4.2550000e-003  3.0031331e-003
  6.7149550e+000 -4.1360000e-003  1.4716060e-003
  6.7210000e+000  9.3000000e-004 -7.0140511e-004
  6.7270440e+000  9.1200000e-004  7.7153176e-004
  6.7330890e+000 -2.2300000e-003  3.9734841e-005
  6.7391340e+000 -6.2000000e-004 -1.9403966e-003
  6.7451790e+000 -1.4370000e-003 -3.3062063e-003
  6.7512240e+000  1.6150000e-003 -1.5337250e-003
  6.7572680e+000  4.5070000e-003 -5.3572493e-003
  6.7633130e+000  2.2410000e-003 -5.1706407e-003
  6.7693580e+000  1.3720000e-003 -4.4400772e-003
  6.7754030e+000  3.4250000e-003  3.1040052e-004
  6.7814470e+000 -7.8000000e-004  2.6455978e-003
  6.7874920e+000 -9.2800000e-004  7.1596768e-004
  6.7935370e+000 -5.7310000e-003 -1.1750433e-003
  6.7995820e+000 -6.3760000e-003  6.6952796e-004
  6.8056270e+000 -2.8430000e-003  9.7830724e-004
  6.8116710e+000  4.8640000e-003 -9.4083061e-004
  6.8177160e+000  2.5700000e-003  9.6390200e-004
  6.8237610e+000  3.3800000e-004 -1.7999257e-003
  6.8298060e+000 -5.5600000e-004  3.7360564e-004
  6.8358500e+000 -1.8300000e-003 -9.4975123e-004
  6.8418950e+000  7.0700000e-004  2.7868371e-005
  6.8479400e+000 -1.4490000e-003  3.1404183e-003
  6.8539850e+000 -2.4320000e-003 -4.2508469e-004
  6.8600300e+000 -1.2160000e-003  7.9576532e-006
  6.8660740e+000 -1.4560000e-003  5.1244930e-004
  6.8721190e+000  2.1140000e-003  2.8286361e-003
  6.8781640e+000  4.4510000e-003  4.8079988e-003
  6.8842090e+000  1.9950000e-003  5.1921632e-003
  6.8902530e+000 -3.6640000e-003  3.7563724e-003
  6.8962980e+000 -2.0000000e-003  1.9744304e-003
  6.9023430e+000 -3.7470000e-003 -1.0479742e-003
  6.9083880e+000 -4.8580000e-003 -1.4634817e-003
  6.9144330e+000 -1.4370000e-003  1.4793707e-005
  6.9204770e+000  2.2900000e-004 -8.4758578e-004
  6.9265220e+000 -1.6340000e-003  1.2643806e-003
  6.9325670e+000 -2.7300000e-003 -1.9049076e-003
  6.9386120e+000 -1.2880000e-003  4.4370515e-004
  6.9446560e+000 -3.9680000e-003  6.9786182e-004
  6.9507010e+000 -2.9890000e-003  1.1042397e-003
  6.9567460e+000 -6.0670000e-003  4.3864450e-003
  6.9627910e+000 -7.0770000e-003  7.7623473e-003
  6.9688360e+000 -1.8860000e-003  7.0604968e-003
  6.9748800e+000  1.4890000e-003  4.1818331e-003
  6.9809250e+000 -3.0000000e-006  2.5981561e-003
  6.9869700e+000 -4.9350000e-003  4.3098594e-003
  6.9930150e+000 -3.1030000e-003  2.5801732e-003
  6.9990590e+000  4.2200000e-004  3.2807022e-003
  7.0051040e+000  1.5470000e-003  1.4551476e-003
  7.0111490e+000 -5.0260000e-003  2.3602625e-003
  7.0171940e+000 -5.1240000e-003 -1.5353034e-003
  7.0232390e+000 -6.2060000e-003 -5.1886536e-003
  7.0292830e+000 -2.4770000e-003 -6.1897425e-003
  7.0353280e+000 -1.4410000e-003 -3.5543314e-003
  7.0413730e+000  7.3800000e-004 -4.8341180e-004
  7.0474180e+000  3.8200000e-004 -8.2454920e-004
  7.0534620e+000  9.0000000e-004 -5.6084366e-004
  7.0595070e+000  2.8130000e-003  4.8325421e-004
  7.0655520e+000 -5.6600000e-004  3.4317928e-003
  7.0715970e+000 -2.1520000e-003  1.0477675e-002
  7.0776420e+000 -1.1550000e-003  1.0330116e-002
  7.0836860e+000 -3.9670000e-003  4.7921431e-003
  7.0897310e+000 -4.9710000e-003  1.6337331e-003
  7.0957760e+000 -5.6600000e-003  3.6149279e-003
  7.1018210e+000  1.9380000e-003  2.5791300e-003
  7.1078650e+000  5.9270000e-003  1.8551752e-003
  7.1139100e+000  8.3830000e-003 -1.0349893e-003
  7.1199550e+000  8.8600000e-004  2.9802184e-003
  7.1260000e+000  1.3220000e-003  2.8768585e-003
  7.1320450e+000  3.3580000e-003  1.7205544e-003
  7.1380890e+000  4.2010000e-003 -1.3473225e-003
  7.1441340e+000 -9.7800000e-004 -1.5390966e-003
  7.1501790e+000 -2.5260000e-003 -1.6295255e-003
  7.1562240e+000  1.3990000e-003 -3.9748253e-004
  7.1622680e+000  5.9630000e-003 -9.3569859e-004
  7.1683130e+000  3.4570000e-003 -1.5325984e-003
  7.1743580e+000 -7.1700000e-004 -1.0126812e-003
  7.1804030e+000 -1.2370000e-003  4.7620507e-003
  7.1864480e+000  8.8000000e-004  2.8005306e-003
  7.1924920e+000 -3.5900000e-004  4.5800187e-003
  7.1985370e+000  2.5310000e-003  3.2809319e-003
  7.2045820e+000  3.2410000e-003 -1.4453559e-003
  7.2106270e+000  3.4500000e-004 -3.4679567e-003
  7.2166710e+000 -1.5270000e-003 -1.2425219e-003
  7.2227160e+000 -9.3000000e-004 -2.8125949e-003
  7.2287610e+000 -7.9800000e-004 -2.7894653e-003
  7.2348060e+000  8.4000000e-004  7.2227925e-004
  7.2408500e+000  5.1700000e-004 -3.0855757e-003
  7.2468950e+000 -2.8500000e-004 -8.4911662e-003
  7.2529400e+000 -4.2770000e-003 -2.8140552e-003
  7.2589850e+000 -2.9150000e-003 -7.3894526e-004
  7.2650300e+000  2.8900000e-004 -8.1708686e-005
  7.2710740e+000  7.6770000e-003 -2.1415764e-003
  7.2771190e+000  6.6300000e-003 -2.1870816e-003
  7.2831640e+000  2.2910000e-003 -1.3185765e-003
  7.2892090e+000  3.5000000e-005 -1.6811550e-003
  7.2952530e+000 -1.9160000e-003  1.8520583e-003
  7.3012980e+000 -1.1020000e-003 -1.8169759e-003
  7.3073430e+000 -2.0400000e-003 -6.3982104e-004
  7.3133880e+000 -1.2700000e-003  1.0307683e-003
  7.3194330e+000  1.2050000e-003 -1.5120518e-003
  7.3254770e+000  3.1110000e-003 -6.2292291e-004
  7.3315220e+000  2.2440000e-003 -4.4257969e-003
  7.3375670e+000  1.2300000e-003 -6.5580197e-003
  7.3436120e+000 -3.9990000e-003 -1.8548580e-003
  7.3496560e+000 -7.8380000e-003  4.7622895e-003
  7.3557010e+000 -1.9140000e-003  3.5376208e-003
  7.3617460e+000  1.2170000e-003  1.9903236e-003
  7.3677910e+000  3.2900000e-004 -1.7534573e-003
  7.3738360e+000  1.8100000e-004 -7.1330874e-003
  7.3798800e+000  3.7700000e-004 -9.4179556e-003
  7.3859250e+000 -2.1980000e-003 -8.8582640e-003
  7.3919700e+000  2.6620000e-003 -4.7042198e-003
  7.3980150e+000 -2.4000000e-003 -8.0308358e-004
  7.4040590e+000  2.9000000e-004 -5.2404274e-003
  7.4101040e+000  3.4020000e-003 -1.6960690e-003
  7.4161490e+000  2.9760000e-003 -9.5489636e-004
  7.4221940e+000  6.5020000e-003  5.5991393e-004
  7.4282390e+000  1.6270000e-003  5.7526504e-003
  7.4342830e+000  4.7900000e-004  2.4247354e-003
  7.4403280e+000 -2.8300000e-003  5.6696395e-004
  7.4463730e+000  3.5040000e-003  2.8336220e-003
  7.4524180e+000  5.8100000e-004 -2.4385735e-003
  7.4584620e+000  4.0450000e-003 -2.6452029e-003
  7.4645070e+000  3.5830000e-003  2.8878435e-003
  7.4705520e+000  4.2370000e-003 -7.6819620e-004
  7.4765970e+000  2.1650000e-003  1.9449816e-003
  7.4826420e+000  3.6100000e-003  4.2904382e-003
  7.4886860e+000 -7.3700000e-004  3.2069308e-004
  7.4947310e+000  3.7090000e-003 -7.6957146e-003
  7.5007760e+000  4.7760000e-003 -2.6545837e-003
  7.5068210e+000  2.5720000e-003 -2.8755354e-003
  7.5128650e+000  2.6370000e-003 -1.9402519e-003
  7.5189100e+000 -9.4600000e-004  7.0890456e-004
  7.5249550e+000  1.4360000e-003 -4.2030750e-003
  7.5310000e+000 -2.9350000e-003 -2.7375710e-003
  7.5370450e+000 -2.6460000e-003  2.5907204e-003
  7.5430890e+000 -3.6870000e-003  8.7189029e-003
  7.5491340e+000 -1.1070000e-003  6.2526177e-003
  7.5551790e+000  7.6310000e-003 -1.5135155e-003
  7.5612240e+000  9.9970000e-003 -6.2409956e-003
  7.5672680e+000  7.8970000e-003 -6.7616937e-003
  7.5733130e+000  5.5910000e-003 -5.8303365e-003
  7.5793580e+000  4.8500000e-004 -4.2355769e-003
  7.5854030e+000 -1.5110000e-003 -3.3270214e-003
  7.5914480e+000 -3.4730000e-003  3.3820978e-003
  7.5974920e+000 -4.6250000e-003  7.3705769e-004
  7.6035370e+000  2.7200000e-003 -5.6659053e-003
  7.6095820e+000  2.4090000e-003 -3.1953849e-003
  7.6156270e+000 -3.6840000e-003  1.3177467e-003
  7.6216710e+000  3.6430000e-003  3.4537206e-003
  7.6277160e+000 -9.0700000e-004  7.1058747e-003
  7.6337610e+000 -7.2700000e-004  3.1655059e-003
  7.6398060e+000 -2.5580000e-003  5.2194734e-003
  7.6458510e+000 -3.8640000e-003  3.0531154e-003
  7.6518950e+000 -4.1750000e-003 -5.7636414e-004
  7.6579400e+000 -5.4340000e-003 -4.5450174e-004
  7.6639850e+000 -4.7400000e-003  4.4537099e-003
  7.6700300e+000 -5.8400000e-003  4.1462966e-003
  7.6760740e+000  1.5320000e-003  2.9659284e-003
  7.6821190e+000  5.5200000e-004 -1.1087308e-003
  7.6881640e+000  7.3950000e-003 -9.7988987e-003
  7.6942090e+000  3.8400000e-003 -8.6458663e-003
  7.7002540e+000  5.6830000e-003 -5.9404583e-003
  7.7062980e+000  8.5100000e-004 -5.1262661e-004
  7.7123430e+000 -1.4620000e-003  1.5127616e-003
  7.7183880e+000  4.1710000e-003  2.8812390e-003
  7.7244330e+000  4.1250000e-003 -1.7437001e-003
  7.7304770e+000 -1.2710000e-003 -4.1251301e-004
  7.7365220e+000  0.0000000e+000  0.0000000e+000
  7.7425670e+000  0.0000000e+000  0.0000000e+000
  7.7486120e+000  0.0000000e+000  0.0000000e+000
  7.7546570e+000  0.0000000e+000  0.0000000e+000
  7.7607010e+000  0.0000000e+000  0.0000000e+000
  7.7667460e+000  0.0000000e+000  0.0000000e+000
  7.7727910e+000  0.0000000e+000  0.0000000e+000
  7.7788360e+000  0.0000000e+000  0.0000000e+000
  7.7848800e+000  0.0000000e+000  0.0000000e+000
  7.7909250e+000  0.0000000e+000  0.0000000e+000
  7.7969700e+000  0.0000000e+000  0.0000000e+000
  7.8030150e+000  0.0000000e+000  0.0000000e+000
  7.8090600e+000  0.0000000e+000  0.0000000e+000
  7.8151040e+000  0.0000000e+000  0.0000000e+000
  7.8211490e+000  0.0000000e+000  0.0000000e+000
  7.8271940e+000  0.0000000e+000  0.0000000e+000
  7.8332390e+000  0.0000000e+000  0.0000000e+000
  7.8392830e+000  0.0000000e+000  0.0000000e+000
  7.8453280e+000  0.0000000e+000  0.0000000e+000
  7.8513730e+000  0.0000000e+000  0.0000000e+000
  7.8574180e+000  0.0000000e+000  0.0000000e+000
  7.8634630e+000  0.0000000e+000  0.0000000e+000
  7.8695070e+000  0.0000000e+000  0.0000000e+000
  7.8755520e+000  0.0000000e+000  0.0000000e+000
  7.8815970e+000  0.0000000e+000  0.0000000e+000
  7.8876420e+000  0.0000000e+000  0.0000000e+000
  7.8936860e+000  0.0000000e+000  0.0000000e+000
  7.8997310e+000  0.0000000e+000  0.0000000e+000
  7.9057760e+000  0.0000000e+000  0.0000000e+000
  7.9118210e+000  0.0000000e+000  0.0000000e+000
  7.9178650e+000  0.0000000e+000  0.0000000e+000
  7.9239100e+000  0.0000000e+000  0.0000000e+000
  7.9299550e+000  0.0000000e+000  0.0000000e+000
  7.9360000e+000  0.0000000e+000  0.0000000e+000
  7.9420450e+000  0.0000000e+000  0.0000000e+000
  7.9480890e+000  0.0000000e+000  0.0000000e+000
  7.9541340e+000  0.0000000e+000  0.0000000e+000
  7.9601790e+000  0.0000000e+000  0.0000000e+000
  7.9662240e+000  0.0000000e+000  0.0000000e+000
  7.9722680e+000  0.0000000e+000  0.0000000e+000
  7.9783130e+000  0.0000000e+000  0.0000000e+000
  7.9843580e+000  0.0000000e+000  0.0000000e+000
  7.9904030e+000  0.0000000e+000  0.0000000e+000
  7.9964480e+000  0.0000000e+000  0.0000000e+000
  8.0024920e+000  0.0000000e+000  0.0000000e+000
  8.0085370e+000  0.0000000e+000  0.0000000e+000
  8.0145820e+000  0.0000000e+000  0.0000000e+000
  8.0206270e+000  0.0000000e+000  0.0000000e+000
  8.0266710e+000  0.0000000e+000  0.0000000e+000
  8.0327160e+000  0.0000000e+000  0.0000000e+000
  8.0387610e+000  0.0000000e+000  0.0000000e+000
  8.0448060e+000  0.0000000e+000  0.0000000e+000
  8.0508510e+000  0.0000000e+000  0.0000000e+000
  8.0568950e+000  0.0000000e+000  0.0000000e+000
  8.0629400e+000  0.0000000e+000  0.0000000e+000
  8.0689850e+000  0.0000000e+000  0.0000000e+000
  8.0750300e+000  0.0000000e+000  0.0000000e+000
  8.0810740e+000  0.0000000e+000  0.0000000e+000
  8.0871190e+000  0.0000000e+000  0.0000000e+000
  8.0931640e+000  0.0000000e+000  0.0000000e+000
  8.0992090e+000  0.0000000e+000  0.0000000e+000
  8.1052540e+000  0.0000000e+000  0.0000000e+000
  8.1112980e+000  0.0000000e+000  0.0000000e+000
  8.1173430e+000  0.0000000e+000  0.0000000e+000
  8.1233880e+000  0.0000000e+000  0.0000000e+000
  8.1294330e+000  0.0000000e+000  0.0000000e+000
  8.1354770e+000  0.0000000e+000  0.0000000e+000
  8.1415220e+000  0.0000000e+000  0.0000000e+000
  8.1475670e+000  0.0000000e+000  0.0000000e+000
  8.1536120e+000  0.0000000e+000  0.0000000e+000
  8.1596570e+000  0.0000000e+000  0.0000000e+000
  8.1657010e+000  0.0000000e+000  0.0000000e+000
  8.1717460e+000  0.0000000e+000  0.0000000e+000
  8.1777910e+000  0.0000000e+000  0.0000000e+000
  8.1838360e+000  0.0000000e+000  0.0000000e+000
  8.1898800e+000  0.0000000e+000  0.0000000e+000
  8.1959250e+000  0.0000000e+000  0.0000000e+000
  8.2019700e+000  0.0000000e+000  0.0000000e+000
  8.2080150e+000  0.0000000e+000  0.0000000e+000
  8.2140600e+000  0.0000000e+000  0.0000000e+000
  8.2201040e+000  0.0000000e+000  0.0000000e+000
  8.2261490e+000  0.0000000e+000  0.0000000e+000
  8.2321940e+000  0.0000000e+000  0.0000000e+000
  8.2382390e+000  0.0000000e+000  0.0000000e+000
  8.2442830e+000  0.0000000e+000  0.0000000e+000
  8.2503280e+000  0.0000000e+000  0.0000000e+000
  8.2563730e+000  0.0000000e+000  0.0000000e+000
  8.2624180e+000  0.0000000e+000  0.0000000e+000
  8.2684630e+000  0.0000000e+000  0.0000000e+000
  8.2745070e+000  0.0000000e+000  0.0000000e+000
  8.2805520e+000  0.0000000e+000  0.0000000e+000
  8.2865970e+000  0.0000000e+000  0.0000000e+000
  8.2926420e+000  0.0000000e+000  0.0000000e+000
  8.2986860e+000  0.0000000e+000  0.0000000e+000
  8.3047310e+000  0.0000000e+000  0.0000000e+000
  8.3107760e+000  0.0000000e+000  0.0000000e+000
  8.3168210e+000  0.0000000e+000  0.0000000e+000
  8.3228660e+000  0.0000000e+000  0.0000000e+000
  8.3289100e+000  0.0000000e+000  0.0000000e+000
  8.3349550e+000  0.0000000e+000  0.0000000e+000
  8.3410000e+000  0.0000000e+000  0.0000000e+000
  8.3470450e+000  0.0000000e+000  0.0000000e+000
  8.3530890e+000  0.0000000e+000  0.0000000e+000
  8.3591340e+000  0.0000000e+000  0.0000000e+000
  8.3651790e+000  0.0000000e+000  0.0000000e+000
  8.3712240e+000  0.0000000e+000  0.0000000e+000
  8.3772690e+000  0.0000000e+000  0.0000000e+000
  8.3833130e+000  0.0000000e+000  0.0000000e+000
  8.3893580e+000  0.0000000e+000  0.0000000e+000
  8.3954030e+000  0.0000000e+000  0.0000000e+000
  8.4014480e+000  0.0000000e+000  0.0000000e+000
  8.4074920e+000  0.0000000e+000  0.0000000e+000
  8.4135370e+000  0.0000000e+000  0.0000000e+000
  8.4195820e+000  0.0000000e+000  0.0000000e+000
  8.4256270e+000  0.0000000e+000  0.0000000e+000
  8.4316720e+000  0.0000000e+000  0.0000000e+000
  8.4377160e+000  0.0000000e+000  0.0000000e+000
  8.4437610e+000  0.0000000e+000  0.0000000e+000
  8.4498060e+000  0.0000000e+000  0.0000000e+000
  8.4558510e+000  0.0000000e+000  0.0000000e+000
  8.4618950e+000  0.0000000e+000  0.0000000e+000
  8.4679400e+000  0.0000000e+000  0.0000000e+000
  8.4739850e+000  0.0000000e+000  0.0000000e+000
  8.4800300e+000  0.0000000e+000  0.0000000e+000
  8.4860750e+000  0.0000000e+000  0.0000000e+000
  8.4921190e+000  0.0000000e+000  0.0000000e+000
  8.4981640e+000  0.0000000e+000  0.0000000e+000
