# Q / Ang^(-1)		D_S/D_T			D_S/D_rho
  5.2530000e-003  0.0000000e+000  0.0000000e+000
  1.1297000e-002  0.0000000e+000  0.0000000e+000
  1.7342000e-002  0.0000000e+000  0.0000000e+000
  2.3387000e-002  0.0000000e+000  0.0000000e+000
  2.9432000e-002  0.0000000e+000  0.0000000e+000
  3.5477000e-002  0.0000000e+000  0.0000000e+000
  4.1521000e-002  0.0000000e+000  0.0000000e+000
  4.7566000e-002  0.0000000e+000  0.0000000e+000
  5.3611000e-002  0.0000000e+000  0.0000000e+000
  5.9656000e-002  0.0000000e+000  0.0000000e+000
  6.5700000e-002  0.0000000e+000  0.0000000e+000
  7.1745000e-002  0.0000000e+000  0.0000000e+000
  7.7790000e-002  0.0000000e+000  0.0000000e+000
  8.3835000e-002  0.0000000e+000  0.0000000e+000
  8.9880000e-002  0.0000000e+000  0.0000000e+000
  9.5924000e-002  0.0000000e+000  0.0000000e+000
  1.0196900e-001  0.0000000e+000  0.0000000e+000
  1.0801400e-001  0.0000000e+000  0.0000000e+000
  1.1405900e-001  0.0000000e+000  0.0000000e+000
  1.2010300e-001  0.0000000e+000  0.0000000e+000
  1.2614800e-001  0.0000000e+000  0.0000000e+000
  1.3219300e-001  0.0000000e+000  0.0000000e+000
  1.3823800e-001  0.0000000e+000  0.0000000e+000
  1.4428300e-001  0.0000000e+000  0.0000000e+000
  1.5032700e-001  0.0000000e+000  0.0000000e+000
  1.5637200e-001  0.0000000e+000  0.0000000e+000
  1.6241700e-001  0.0000000e+000  0.0000000e+000
  1.6846200e-001  0.0000000e+000  0.0000000e+000
  1.7450600e-001  0.0000000e+000  0.0000000e+000
  1.8055100e-001  0.0000000e+000  0.0000000e+000
  1.8659600e-001  0.0000000e+000  0.0000000e+000
  1.9264100e-001  0.0000000e+000  0.0000000e+000
  1.9868500e-001  0.0000000e+000  0.0000000e+000
  2.0473000e-001  0.0000000e+000  0.0000000e+000
  2.1077500e-001  0.0000000e+000  0.0000000e+000
  2.1682000e-001  0.0000000e+000  0.0000000e+000
  2.2286500e-001  0.0000000e+000  0.0000000e+000
  2.2890900e-001  0.0000000e+000  0.0000000e+000
  2.3495400e-001  0.0000000e+000  0.0000000e+000
  2.4099900e-001  0.0000000e+000  0.0000000e+000
  2.4704400e-001  0.0000000e+000  0.0000000e+000
  2.5308800e-001  0.0000000e+000  0.0000000e+000
  2.5913300e-001  0.0000000e+000  0.0000000e+000
  2.6517800e-001  0.0000000e+000  0.0000000e+000
  2.7122300e-001  0.0000000e+000  0.0000000e+000
  2.7726800e-001  0.0000000e+000  0.0000000e+000
  2.8331200e-001  0.0000000e+000  0.0000000e+000
  2.8935700e-001  0.0000000e+000  0.0000000e+000
  2.9540200e-001  0.0000000e+000  0.0000000e+000
  3.0144700e-001  0.0000000e+000  0.0000000e+000
  3.0749100e-001  0.0000000e+000  0.0000000e+000
  3.1353600e-001  0.0000000e+000  0.0000000e+000
  3.1958100e-001  0.0000000e+000  0.0000000e+000
  3.2562600e-001  0.0000000e+000  0.0000000e+000
  3.3167100e-001  0.0000000e+000  0.0000000e+000
  3.3771500e-001  0.0000000e+000  0.0000000e+000
  3.4376000e-001  0.0000000e+000  0.0000000e+000
  3.4980500e-001  0.0000000e+000  0.0000000e+000
  3.5585000e-001  0.0000000e+000  0.0000000e+000
  3.6189400e-001  0.0000000e+000  0.0000000e+000
  3.6793900e-001 -3.6929000e-002  2.8083645e-001
  3.7398400e-001 -4.1345000e-002  2.9026673e-001
  3.8002900e-001 -2.8265000e-002  2.9650900e-001
  3.8607400e-001 -2.9986000e-002  2.8983534e-001
  3.9211800e-001 -2.4149000e-002  2.9061238e-001
  3.9816300e-001 -2.7657000e-002  2.8306535e-001
  4.0420800e-001 -3.5191000e-002  2.9686364e-001
  4.1025300e-001 -2.4067000e-002  2.8517542e-001
  4.1629700e-001 -2.4269000e-002  2.9376944e-001
  4.2234200e-001 -3.3772000e-002  2.9166454e-001
  4.2838700e-001 -3.3156000e-002  2.9690556e-001
  4.3443200e-001 -3.3657000e-002  3.0238744e-001
  4.4047700e-001 -3.7893000e-002  3.1388812e-001
  4.4652100e-001 -3.0356000e-002  3.1291045e-001
  4.5256600e-001 -3.1218000e-002  3.1518331e-001
  4.5861100e-001 -2.5125000e-002  3.0895955e-001
  4.6465600e-001 -2.5410000e-002  3.0383332e-001
  4.7070000e-001 -3.5600000e-002  3.1071765e-001
  4.7674500e-001 -4.3457000e-002  3.1975581e-001
  4.8279000e-001 -4.2739000e-002  3.1835803e-001
  4.8883500e-001 -4.0193000e-002  3.3028013e-001
  4.9488000e-001 -2.9378000e-002  3.2861670e-001
  5.0092400e-001 -3.0424000e-002  3.2898032e-001
  5.0696900e-001 -3.5557000e-002  3.3797558e-001
  5.1301400e-001 -3.3675000e-002  3.4344470e-001
  5.1905900e-001 -3.5134000e-002  3.4397349e-001
  5.2510300e-001 -3.6596000e-002  3.4598566e-001
  5.3114800e-001 -3.4549000e-002  3.4313006e-001
  5.3719300e-001 -2.6065000e-002  3.4448520e-001
  5.4323800e-001 -2.3965000e-002  3.4893762e-001
  5.4928300e-001 -2.8772000e-002  3.5314663e-001
  5.5532700e-001 -2.7224000e-002  3.6361234e-001
  5.6137200e-001 -2.4923000e-002  3.6087153e-001
  5.6741700e-001 -2.9352000e-002  3.6507010e-001
  5.7346200e-001 -3.4413000e-002  3.6764133e-001
  5.7950600e-001 -2.5819000e-002  3.7628232e-001
  5.8555100e-001 -2.8534000e-002  3.7683909e-001
  5.9159600e-001 -3.0031000e-002  3.7469699e-001
  5.9764100e-001 -3.0795000e-002  3.8381422e-001
  6.0368600e-001 -2.7371000e-002  3.7174479e-001
  6.0973000e-001 -2.6193000e-002  3.8412360e-001
  6.1577500e-001 -2.1857000e-002  3.7703770e-001
  6.2182000e-001 -1.8865000e-002  3.7793550e-001
  6.2786500e-001 -1.7564000e-002  3.7430987e-001
  6.3390900e-001 -1.6716000e-002  3.7317110e-001
  6.3995400e-001 -1.2295000e-002  3.7140287e-001
  6.4599900e-001 -8.0160000e-003  3.7473012e-001
  6.5204400e-001 -1.2975000e-002  3.7480755e-001
  6.5808900e-001 -1.4512000e-002  3.7634213e-001
  6.6413300e-001 -1.1245000e-002  3.7265408e-001
  6.7017800e-001 -1.7481000e-002  3.8354712e-001
  6.7622300e-001 -1.8279000e-002  3.7614028e-001
  6.8226800e-001 -2.4289000e-002  3.8385829e-001
  6.8831200e-001 -2.5748000e-002  3.8012108e-001
  6.9435700e-001 -2.9433000e-002  3.7583627e-001
  7.0040200e-001 -2.8704000e-002  3.7156477e-001
  7.0644700e-001 -3.1712000e-002  3.7431565e-001
  7.1249200e-001 -2.7801000e-002  3.7433443e-001
  7.1853600e-001 -3.1509000e-002  3.6593483e-001
  7.2458100e-001 -3.0649000e-002  3.6584556e-001
  7.3062600e-001 -3.1605000e-002  3.6053788e-001
  7.3667100e-001 -3.2701000e-002  3.5274611e-001
  7.4271500e-001 -4.0834000e-002  3.4463292e-001
  7.4876000e-001 -4.5170000e-002  3.4052682e-001
  7.5480500e-001 -4.5702000e-002  3.4310326e-001
  7.6085000e-001 -4.6056000e-002  3.3565669e-001
  7.6689500e-001 -4.6167000e-002  3.3163362e-001
  7.7293900e-001 -5.1884000e-002  3.2483852e-001
  7.7898400e-001 -5.1973000e-002  3.1608403e-001
  7.8502900e-001 -4.8977000e-002  3.1048565e-001
  7.9107400e-001 -4.1318000e-002  2.9701134e-001
  7.9711800e-001 -4.5392000e-002  2.9697468e-001
  8.0316300e-001 -5.3275000e-002  2.8468145e-001
  8.0920800e-001 -6.4108000e-002  2.8903914e-001
  8.1525300e-001 -7.0396000e-002  2.8051038e-001
  8.2129800e-001 -6.8441000e-002  2.7294866e-001
  8.2734200e-001 -6.3857000e-002  2.6524431e-001
  8.3338700e-001 -6.9653000e-002  2.6036179e-001
  8.3943200e-001 -6.1718000e-002  2.4830083e-001
  8.4547700e-001 -6.9665000e-002  2.4167029e-001
  8.5152100e-001 -5.9775000e-002  2.3789762e-001
  8.5756600e-001 -6.5884000e-002  2.3098006e-001
  8.6361100e-001 -5.6953000e-002  2.3004009e-001
  8.6965600e-001 -6.3253000e-002  2.1787783e-001
  8.7570100e-001 -6.3642000e-002  2.1483299e-001
  8.8174500e-001 -6.1965000e-002  2.1144650e-001
  8.8779000e-001 -5.7494000e-002  2.0695266e-001
  8.9383500e-001 -6.0624000e-002  1.9837219e-001
  8.9988000e-001 -4.9462000e-002  1.9311386e-001
  9.0592400e-001 -5.6260000e-002  1.9258211e-001
  9.1196900e-001 -5.7449000e-002  1.8466001e-001
  9.1801400e-001 -6.1046000e-002  1.8634949e-001
  9.2405900e-001 -5.8483000e-002  1.8305313e-001
  9.3010300e-001 -5.5901000e-002  1.8180971e-001
  9.3614800e-001 -5.2232000e-002  1.7815420e-001
  9.4219300e-001 -3.8703000e-002  1.7116678e-001
  9.4823800e-001 -3.9563000e-002  1.6864906e-001
  9.5428300e-001 -3.4107000e-002  1.6222192e-001
  9.6032700e-001 -3.9217000e-002  1.6765597e-001
  9.6637200e-001 -3.7201000e-002  1.5678993e-001
  9.7241700e-001 -4.1599000e-002  1.6011294e-001
  9.7846200e-001 -3.9870000e-002  1.5560226e-001
  9.8450600e-001 -3.9180000e-002  1.6057665e-001
  9.9055100e-001 -3.1567000e-002  1.5574178e-001
  9.9659600e-001 -3.2699000e-002  1.5940453e-001
  1.0026410e+000 -3.0800000e-002  1.4941018e-001
  1.0086860e+000 -2.4898000e-002  1.4924572e-001
  1.0147300e+000 -2.8402000e-002  1.4790253e-001
  1.0207750e+000 -2.9203000e-002  1.4865806e-001
  1.0268200e+000 -3.1786000e-002  1.5089327e-001
  1.0328650e+000 -3.0022000e-002  1.5007086e-001
  1.0389090e+000 -2.7499000e-002  1.5503719e-001
  1.0449540e+000 -1.9756000e-002  1.5094233e-001
  1.0509990e+000 -2.2885000e-002  1.5443306e-001
  1.0570440e+000 -1.5143000e-002  1.5261500e-001
  1.0630890e+000 -1.6870000e-002  1.5213909e-001
  1.0691330e+000 -1.2918000e-002  1.5558840e-001
  1.0751780e+000 -1.1108000e-002  1.5253155e-001
  1.0812230e+000 -1.4735000e-002  1.5325479e-001
  1.0872680e+000 -2.0780000e-003  1.5570515e-001
  1.0933120e+000 -7.7060000e-003  1.5451855e-001
  1.0993570e+000 -1.6350000e-003  1.6047022e-001
  1.1054020e+000 -6.9130000e-003  1.5937135e-001
  1.1114470e+000 -9.9020000e-003  1.6991818e-001
  1.1174920e+000 -9.5500000e-003  1.6751433e-001
  1.1235360e+000 -9.6300000e-003  1.6630970e-001
  1.1295810e+000 -9.3460000e-003  1.7275572e-001
  1.1356260e+000 -8.3550000e-003  1.7085667e-001
  1.1416710e+000 -7.7320000e-003  1.7763414e-001
  1.1477150e+000 -7.3470000e-003  1.7595915e-001
  1.1537600e+000 -5.5430000e-003  1.7735906e-001
  1.1598050e+000 -1.9710000e-003  1.7613739e-001
  1.1658500e+000 -2.9800000e-003  1.8253370e-001
  1.1718950e+000  8.5800000e-004  1.8048231e-001
  1.1779390e+000  2.3030000e-003  1.8888761e-001
  1.1839840e+000  4.2660000e-003  1.8965656e-001
  1.1900290e+000  9.4610000e-003  1.9052617e-001
  1.1960740e+000  3.7640000e-003  1.9819823e-001
  1.2021180e+000  9.4980000e-003  1.9776486e-001
  1.2081630e+000  6.0210000e-003  2.0262528e-001
  1.2142080e+000  1.2951000e-002  2.0210546e-001
  1.2202530e+000  1.5066000e-002  1.9945500e-001
  1.2262980e+000  1.8862000e-002  2.0151588e-001
  1.2323420e+000  1.7705000e-002  2.0608243e-001
  1.2383870e+000  2.0615000e-002  2.0648719e-001
  1.2444320e+000  2.0761000e-002  2.1309753e-001
  1.2504770e+000  2.7717000e-002  2.1060912e-001
  1.2565210e+000  2.4717000e-002  2.1118466e-001
  1.2625660e+000  2.8689000e-002  2.1242712e-001
  1.2686110e+000  2.4384000e-002  2.1458646e-001
  1.2746560e+000  2.9628000e-002  2.1842326e-001
  1.2807010e+000  2.6148000e-002  2.2114805e-001
  1.2867450e+000  3.1614000e-002  2.2894399e-001
  1.2927900e+000  2.6015000e-002  2.2838541e-001
  1.2988350e+000  2.5436000e-002  2.2967508e-001
  1.3048800e+000  2.9242000e-002  2.2269104e-001
  1.3109240e+000  2.5103000e-002  2.2832688e-001
  1.3169690e+000  2.6963000e-002  2.2260942e-001
  1.3230140e+000  2.3239000e-002  2.2984050e-001
  1.3290590e+000  2.2966000e-002  2.3411277e-001
  1.3351040e+000  2.4285000e-002  2.3153388e-001
  1.3411480e+000  2.2800000e-002  2.3286527e-001
  1.3471930e+000  2.3288000e-002  2.2945569e-001
  1.3532380e+000  1.8013000e-002  2.2546844e-001
  1.3592830e+000  1.8099000e-002  2.2085631e-001
  1.3653270e+000  1.5935000e-002  2.1765059e-001
  1.3713720e+000  1.7289000e-002  2.0907798e-001
  1.3774170e+000  1.1018000e-002  2.1225075e-001
  1.3834620e+000  7.4490000e-003  2.0941604e-001
  1.3895070e+000  1.0400000e-002  2.0043432e-001
  1.3955510e+000  4.2660000e-003  1.9945256e-001
  1.4015960e+000  5.4410000e-003  1.8755974e-001
  1.4076410e+000 -1.2520000e-003  1.7782781e-001
  1.4136860e+000 -2.3330000e-003  1.6774216e-001
  1.4197300e+000  3.1000000e-005  1.5583144e-001
  1.4257750e+000 -1.1416000e-002  1.5067254e-001
  1.4318200e+000 -1.2189000e-002  1.3664990e-001
  1.4378650e+000 -2.1663000e-002  1.2427402e-001
  1.4439100e+000 -2.1102000e-002  1.0522660e-001
  1.4499540e+000 -2.5542000e-002  9.5428889e-002
  1.4559990e+000 -1.9244000e-002  7.4847733e-002
  1.4620440e+000 -2.8141000e-002  6.3180767e-002
  1.4680890e+000 -2.8739000e-002  3.9623492e-002
  1.4741330e+000 -3.8736000e-002  2.7245926e-002
  1.4801780e+000 -3.2570000e-002  5.5003374e-003
  1.4862230e+000 -3.8920000e-002 -6.4863128e-003
  1.4922680e+000 -4.6836000e-002 -4.9534074e-003
  1.4983130e+000 -4.3927000e-002 -2.0982862e-002
  1.5043570e+000 -4.6446000e-002 -3.0024358e-002
  1.5104020e+000 -4.6103000e-002 -4.6664076e-002
  1.5164470e+000 -4.6304000e-002 -6.1084848e-002
  1.5224920e+000 -4.8132000e-002 -7.1270741e-002
  1.5285360e+000 -4.3611000e-002 -8.6196191e-002
  1.5345810e+000 -4.9169000e-002 -9.8802249e-002
  1.5406260e+000 -4.6845000e-002 -1.1662828e-001
  1.5466710e+000 -4.9256000e-002 -1.2066933e-001
  1.5527160e+000 -4.5864000e-002 -1.3621341e-001
  1.5587600e+000 -5.0740000e-002 -1.4437873e-001
  1.5648050e+000 -5.1651000e-002 -1.5385106e-001
  1.5708500e+000 -4.7619000e-002 -1.5711213e-001
  1.5768950e+000 -4.8456000e-002 -1.6551107e-001
  1.5829390e+000 -3.9223000e-002 -1.6932828e-001
  1.5889840e+000 -4.9590000e-002 -1.6846674e-001
  1.5950290e+000 -4.1789000e-002 -1.6846855e-001
  1.6010740e+000 -4.3631000e-002 -1.7679635e-001
  1.6071180e+000 -3.7732000e-002 -1.7665742e-001
  1.6131630e+000 -2.8839000e-002 -1.8005729e-001
  1.6192080e+000 -3.2322000e-002 -1.7948312e-001
  1.6252530e+000 -2.2148000e-002 -1.7431777e-001
  1.6312980e+000 -2.8263000e-002 -1.7003359e-001
  1.6373420e+000 -1.8313000e-002 -1.6707479e-001
  1.6433870e+000 -2.1147000e-002 -1.6557175e-001
  1.6494320e+000 -1.6161000e-002 -1.6204256e-001
  1.6554770e+000 -1.4916000e-002 -1.5498283e-001
  1.6615210e+000 -1.4090000e-002 -1.4676417e-001
  1.6675660e+000 -9.2960000e-003 -1.4296388e-001
  1.6736110e+000 -1.3862000e-002 -1.4112979e-001
  1.6796560e+000 -1.6189000e-002 -1.3220838e-001
  1.6857010e+000 -1.6552000e-002 -1.3231582e-001
  1.6917450e+000 -1.4519000e-002 -1.2614132e-001
  1.6977900e+000 -1.2876000e-002 -1.1956988e-001
  1.7038350e+000 -2.4260000e-003 -1.2102617e-001
  1.7098800e+000 -2.0860000e-003 -1.1607951e-001
  1.7159240e+000  5.0970000e-003 -1.1089775e-001
  1.7219690e+000 -6.2800000e-004 -1.0544551e-001
  1.7280140e+000  7.9090000e-003 -1.0229636e-001
  1.7340590e+000  8.9970000e-003 -1.0629825e-001
  1.7401040e+000  1.2975000e-002 -1.0033855e-001
  1.7461480e+000  1.2221000e-002 -9.7252245e-002
  1.7521930e+000  1.3274000e-002 -9.2001412e-002
  1.7582380e+000  1.3749000e-002 -9.0379698e-002
  1.7642830e+000  1.3079000e-002 -8.3155936e-002
  1.7703270e+000  1.5228000e-002 -8.0806333e-002
  1.7763720e+000  1.8250000e-002 -7.3768305e-002
  1.7824170e+000  1.6649000e-002 -7.2599023e-002
  1.7884620e+000  1.8653000e-002 -6.7343553e-002
  1.7945070e+000  1.8781000e-002 -6.4671953e-002
  1.8005510e+000  2.0517000e-002 -6.3160179e-002
  1.8065960e+000  2.0671000e-002 -6.2317175e-002
  1.8126410e+000  1.8699000e-002 -5.9746994e-002
  1.8186860e+000  1.9444000e-002 -5.2852169e-002
  1.8247300e+000  1.6639000e-002 -5.4592101e-002
  1.8307750e+000  1.8029000e-002 -5.0047233e-002
  1.8368200e+000  1.8985000e-002 -5.0410558e-002
  1.8428650e+000  1.7183000e-002 -5.0801047e-002
  1.8489100e+000  1.6889000e-002 -4.6350146e-002
  1.8549540e+000  1.8904000e-002 -4.2775391e-002
  1.8609990e+000  1.5383000e-002 -3.8202121e-002
  1.8670440e+000  1.7952000e-002 -3.3198235e-002
  1.8730890e+000  1.6730000e-002 -3.0865189e-002
  1.8791330e+000  1.8653000e-002 -3.0088553e-002
  1.8851780e+000  1.8543000e-002 -2.6921414e-002
  1.8912230e+000  1.7240000e-002 -2.4819202e-002
  1.8972680e+000  2.0043000e-002 -2.4356685e-002
  1.9033130e+000  2.1845000e-002 -2.5212195e-002
  1.9093570e+000  2.1764000e-002 -2.5692029e-002
  1.9154020e+000  1.9648000e-002 -2.2045774e-002
  1.9214470e+000  2.2633000e-002 -2.3730434e-002
  1.9274920e+000  1.6759000e-002 -1.7423163e-002
  1.9335360e+000  1.8160000e-002 -1.9610008e-002
  1.9395810e+000  1.6548000e-002 -2.2159012e-002
  1.9456260e+000  1.9697000e-002 -1.7939591e-002
  1.9516710e+000  1.9986000e-002 -1.8680531e-002
  1.9577160e+000  1.9652000e-002 -1.1373942e-002
  1.9637600e+000  2.1439000e-002 -1.5241570e-002
  1.9698050e+000  2.0993000e-002 -9.9702572e-003
  1.9758500e+000  1.9460000e-002 -1.1425844e-002
  1.9818950e+000  1.6599000e-002 -1.0626414e-002
  1.9879390e+000  1.4891000e-002 -1.1660368e-002
  1.9939840e+000  1.4818000e-002 -1.1325539e-002
  2.0000290e+000  1.6902000e-002 -1.2184444e-002
  2.0060740e+000  1.3763000e-002 -9.7857881e-003
  2.0121190e+000  1.7660000e-002 -9.7779177e-003
  2.0181630e+000  1.5281000e-002 -7.0273189e-003
  2.0242080e+000  1.5861000e-002 -9.7567840e-003
  2.0302530e+000  1.7651000e-002 -8.3487881e-003
  2.0362980e+000  1.5126000e-002 -6.0265309e-003
  2.0423420e+000  2.0163000e-002 -7.6657469e-003
  2.0483870e+000  1.8185000e-002 -4.2318128e-003
  2.0544320e+000  2.1006000e-002 -7.5445556e-003
  2.0604770e+000  2.0003000e-002 -7.3239979e-003
  2.0665220e+000  2.3781000e-002 -7.6838580e-003
  2.0725660e+000  2.4946000e-002 -8.0217490e-003
  2.0786110e+000  2.2588000e-002 -6.9307860e-003
  2.0846560e+000  2.2410000e-002 -6.3397778e-003
  2.0907010e+000  2.1486000e-002 -3.7448025e-003
  2.0967450e+000  1.9085000e-002 -2.5887757e-003
  2.1027900e+000  2.0941000e-002 -1.1570638e-003
  2.1088350e+000  2.0565000e-002 -8.0220370e-004
  2.1148800e+000  1.8316000e-002 -1.7905885e-003
  2.1209250e+000  1.9141000e-002 -1.8791379e-003
  2.1269690e+000  1.6391000e-002 -2.8686399e-003
  2.1330140e+000  1.6633000e-002 -3.2413477e-003
  2.1390590e+000  1.8610000e-002 -2.8524897e-003
  2.1451040e+000  1.7615000e-002 -3.9762695e-003
  2.1511480e+000  1.8273000e-002 -1.4152469e-004
  2.1571930e+000  1.9617000e-002 -2.0072160e-003
  2.1632380e+000  1.7017000e-002  1.2704547e-003
  2.1692830e+000  1.6699000e-002 -2.1526317e-003
  2.1753280e+000  1.6067000e-002 -3.7379733e-003
  2.1813720e+000  1.2945000e-002  1.2762160e-003
  2.1874170e+000  1.4988000e-002 -1.0772099e-003
  2.1934620e+000  1.3550000e-002  3.4969465e-003
  2.1995070e+000  1.4176000e-002  3.3110412e-003
  2.2055510e+000  1.2550000e-002  3.2471276e-003
  2.2115960e+000  1.3751000e-002  3.4087181e-003
  2.2176410e+000  1.3727000e-002  2.5307305e-003
  2.2236860e+000  1.3650000e-002  9.0572840e-004
  2.2297310e+000  1.4414000e-002  1.8805021e-003
  2.2357750e+000  1.5543000e-002  3.6441296e-003
  2.2418200e+000  1.2735000e-002  4.6925741e-003
  2.2478650e+000  1.2404000e-002  3.9197860e-003
  2.2539100e+000  1.0263000e-002  4.9898457e-003
  2.2599540e+000  1.2045000e-002  3.9261790e-003
  2.2659990e+000  1.3910000e-002  2.8977613e-003
  2.2720440e+000  1.4008000e-002  2.4521276e-003
  2.2780890e+000  1.1595000e-002  3.8056605e-003
  2.2841340e+000  1.3108000e-002  2.3590905e-003
  2.2901780e+000  1.4709000e-002  5.4088086e-003
  2.2962230e+000  1.5862000e-002  2.7342387e-004
  2.3022680e+000  1.6092000e-002  2.4752222e-003
  2.3083130e+000  1.4392000e-002  5.2329300e-003
  2.3143570e+000  1.5712000e-002  1.9392510e-003
  2.3204020e+000  1.2868000e-002  3.8352140e-003
  2.3264470e+000  1.1980000e-002  2.6936708e-003
  2.3324920e+000  9.3750000e-003  3.2203025e-003
  2.3385360e+000  9.8440000e-003  2.8267695e-003
  2.3445810e+000  1.0558000e-002  5.0701523e-003
  2.3506260e+000  1.1293000e-002  4.8308992e-003
  2.3566710e+000  1.1092000e-002  8.0021276e-003
  2.3627160e+000  1.0048000e-002  9.5311646e-003
  2.3687600e+000  1.3628000e-002  8.7561564e-003
  2.3748050e+000  1.3811000e-002  4.3121872e-003
  2.3808500e+000  1.1699000e-002  5.0092737e-003
  2.3868950e+000  1.1571000e-002  3.9767284e-004
  2.3929390e+000  7.2660000e-003  8.3701235e-004
  2.3989840e+000  7.0090000e-003 -2.1539712e-004
  2.4050290e+000  6.4600000e-003  2.6635103e-003
  2.4110740e+000  7.8970000e-003  3.2814609e-004
  2.4171190e+000  9.9640000e-003  1.3137078e-003
  2.4231630e+000  1.1050000e-002  2.7913992e-003
  2.4292080e+000  8.4550000e-003  5.1491091e-003
  2.4352530e+000  7.5260000e-003  3.8610453e-003
  2.4412980e+000  5.2140000e-003  4.1005679e-003
  2.4473420e+000  6.4560000e-003  3.9866790e-003
  2.4533870e+000  5.3020000e-003  1.5178560e-003
  2.4594320e+000  5.8110000e-003  3.7926358e-003
  2.4654770e+000  2.0910000e-003  4.1605494e-003
  2.4715220e+000  5.0420000e-003  6.4418230e-003
  2.4775660e+000  6.9790000e-003  4.0493683e-003
  2.4836110e+000  8.1390000e-003  3.3424383e-003
  2.4896560e+000  7.5940000e-003  4.0871770e-003
  2.4957010e+000  9.7570000e-003  9.4068930e-004
  2.5017450e+000  4.9540000e-003  2.2895350e-003
  2.5077900e+000  6.4600000e-003  3.5465103e-003
  2.5138350e+000  4.6940000e-003  3.6305021e-003
  2.5198800e+000  3.9930000e-003  4.5678210e-003
  2.5259250e+000  2.0400000e-003  7.1049506e-003
  2.5319690e+000  4.0230000e-003  5.4040556e-003
  2.5380140e+000  3.4780000e-003  6.3047942e-003
  2.5440590e+000  3.4190000e-003  5.8195329e-003
  2.5501040e+000  6.5880000e-003  5.8561111e-003
  2.5561480e+000  5.8150000e-003  6.4334671e-003
  2.5621930e+000  5.6860000e-003  4.8696584e-003
  2.5682380e+000  4.6360000e-003  5.0964486e-003
  2.5742830e+000  2.7680000e-003  4.4052428e-003
  2.5803280e+000  3.9570000e-003  3.8153395e-003
  2.5863720e+000  2.9870000e-003  3.9717551e-003
  2.5924170e+000  2.0760000e-003  3.6804321e-003
  2.5984620e+000  1.5350000e-003  3.6960021e-003
  2.6045070e+000  3.7500000e-004  5.2549321e-003
  2.6105510e+000  2.9860000e-003  5.2985473e-003
  2.6165960e+000  2.8860000e-003  4.3947654e-003
  2.6226410e+000  2.8920000e-003  4.3370123e-003
  2.6286860e+000  2.3860000e-003  5.4748560e-003
  2.6347310e+000  2.6600000e-004  4.3932798e-003
  2.6407750e+000  1.3240000e-003  2.6401523e-003
  2.6468200e+000 -3.2050000e-003  3.9609403e-003
  2.6528650e+000 -1.7240000e-003  2.7137202e-003
  2.6589100e+000 -2.1200000e-003  2.3544239e-003
  2.6649540e+000  1.4260000e-003  3.1593498e-003
  2.6709990e+000 -1.9260000e-003  2.7017407e-003
  2.6770440e+000 -2.6500000e-004  5.1289280e-003
  2.6830890e+000 -9.0300000e-004  4.6123395e-003
  2.6891340e+000 -4.5000000e-005  5.5056481e-003
  2.6951780e+000 -2.3180000e-003  3.7912757e-003
  2.7012230e+000 -1.2120000e-003  2.8181235e-003
  2.7072680e+000 -1.5620000e-003  3.6803868e-003
  2.7133130e+000  1.4830000e-003  2.6761955e-003
  2.7193570e+000 -1.8000000e-005  3.0492593e-003
  2.7254020e+000 -1.1950000e-003  1.7556564e-003
  2.7314470e+000 -2.4230000e-003  4.2134547e-003
  2.7374920e+000 -5.0450000e-003  3.3615535e-003
  2.7435370e+000 -5.5410000e-003  5.7754753e-003
  2.7495810e+000 -4.8340000e-003  3.5204033e-003
  2.7556260e+000 -4.5770000e-003  2.6078128e-003
  2.7616710e+000 -3.8610000e-003  4.5416111e-003
  2.7677160e+000 -3.6640000e-003  4.3375514e-003
  2.7737600e+000 -4.9220000e-003  4.1101152e-003
  2.7798050e+000 -4.8790000e-003  3.9410514e-003
  2.7858500e+000 -3.9700000e-003  1.8279588e-003
  2.7918950e+000 -3.1140000e-003  1.6148519e-003
  2.7979400e+000 -3.3520000e-003  4.0883909e-003
  2.8039840e+000 -4.2000000e-003  3.0091605e-003
  2.8100290e+000 -3.2400000e-003  2.1976667e-003
  2.8160740e+000 -2.5390000e-003 -3.4765226e-004
  2.8221190e+000 -4.4640000e-003  1.4182963e-003
  2.8281630e+000 -5.1380000e-003  3.7312263e-003
  2.8342080e+000 -5.2400000e-003  2.0120288e-003
  2.8402530e+000 -5.5620000e-003  3.9041111e-003
  2.8462980e+000 -6.6730000e-003  2.2982243e-003
  2.8523430e+000 -7.7290000e-003  3.3877675e-003
  2.8583870e+000 -6.7640000e-003  3.6903128e-003
  2.8644320e+000 -9.5410000e-003  3.1041996e-003
  2.8704770e+000 -8.7630000e-003  4.4888827e-003
  2.8765220e+000 -6.8180000e-003  3.8320905e-003
  2.8825660e+000 -5.8370000e-003  2.4149609e-003
  2.8886110e+000 -8.4010000e-003  5.2811317e-004
  2.8946560e+000 -7.3270000e-003  1.3931070e-004
  2.9007010e+000 -6.8360000e-003  1.2063498e-003
  2.9067460e+000 -6.1530000e-003  8.0729012e-004
  2.9127900e+000 -6.8910000e-003  2.7419198e-003
  2.9188350e+000 -7.7450000e-003  4.0684424e-003
  2.9248800e+000 -7.3140000e-003  2.1220123e-003
  2.9309250e+000 -5.8100000e-003 -6.0842798e-004
  2.9369690e+000 -9.8330000e-003  3.1765165e-003
  2.9430140e+000 -8.6660000e-003  2.1410412e-003
  2.9490590e+000 -9.9180000e-003  1.8828519e-003
  2.9551040e+000 -9.4930000e-003  1.2381749e-003
  2.9611490e+000 -1.0316000e-002  7.5913992e-004
  2.9671930e+000 -8.8900000e-003  1.2948971e-004
  2.9732380e+000 -8.8710000e-003  1.7124383e-003
  2.9792830e+000 -7.1350000e-003  3.0572119e-003
  2.9853280e+000 -8.8850000e-003  3.4875288e-003
  2.9913720e+000 -7.2230000e-003  1.9769239e-003
  2.9974170e+000 -9.1430000e-003  3.1319115e-003
  3.0034620e+000 -9.1540000e-003  3.4286255e-003
  3.0095070e+000 -1.0521000e-002  4.3155370e-003
  3.0155510e+000 -1.0624000e-002  3.9461317e-003
  3.0215960e+000 -8.3450000e-003  3.4507510e-003
  3.0276410e+000 -1.1259000e-002  3.1961667e-003
  3.0336860e+000 -1.1039000e-002  4.6538868e-003
  3.0397310e+000 -1.0356000e-002  4.2828272e-003
  3.0457750e+000 -1.2100000e-002  5.1763909e-003
  3.0518200e+000 -1.2981000e-002  3.6663025e-003
  3.0578650e+000 -1.0961000e-002  2.0790967e-003
  3.0639100e+000 -1.2078000e-002  3.2659630e-003
  3.0699540e+000 -1.0521000e-002  1.0715370e-003
  3.0759990e+000 -8.8320000e-003  2.7645432e-003
  3.0820440e+000 -7.9380000e-003  2.4173333e-003
  3.0880890e+000 -7.0900000e-003  3.5175638e-003
  3.0941340e+000 -5.5660000e-003  2.2772798e-003
  3.1001780e+000 -6.0190000e-003  2.1811379e-003
  3.1062230e+000 -6.3710000e-003  4.2299856e-003
  3.1122680e+000 -8.7250000e-003  4.1207798e-003
  3.1183130e+000 -6.4860000e-003  4.1070864e-003
  3.1243570e+000 -6.3510000e-003  3.6741420e-003
  3.1304020e+000 -6.0960000e-003  3.8971358e-003
  3.1364470e+000 -6.2370000e-003  2.8428333e-003
  3.1424920e+000 -6.8230000e-003  2.5260514e-003
  3.1485370e+000 -6.3840000e-003  2.0312840e-003
  3.1545810e+000 -7.4540000e-003  1.1079177e-003
  3.1606260e+000 -5.5560000e-003  1.3533580e-003
  3.1666710e+000 -7.7260000e-003  1.9103909e-003
  3.1727160e+000 -8.7150000e-003  2.1078580e-003
  3.1787600e+000 -7.7530000e-003  8.8377984e-004
  3.1848050e+000 -6.7740000e-003  3.9723457e-004
  3.1908500e+000 -4.5030000e-003 -1.5378086e-003
  3.1968950e+000 -5.0030000e-003  4.8428189e-004
  3.2029400e+000 -4.5960000e-003 -9.8813580e-004
  3.2089840e+000 -5.7420000e-003 -2.2962963e-006
  3.2150290e+000 -6.0540000e-003 -9.5413580e-004
  3.2210740e+000 -7.2800000e-003 -2.6492181e-004
  3.2271190e+000 -7.0680000e-003  5.8413580e-004
  3.2331630e+000 -6.9350000e-003  1.3387757e-003
  3.2392080e+000 -5.1910000e-003  1.0322119e-003
  3.2452530e+000 -5.1130000e-003  1.1924218e-003
  3.2512980e+000 -8.0680000e-003  2.0683169e-003
  3.2573430e+000 -6.3050000e-003  7.1570165e-004
  3.2633870e+000 -6.6890000e-003 -6.0810082e-004
  3.2694320e+000 -4.1740000e-003 -2.2074362e-003
  3.2754770e+000 -2.5440000e-003 -2.6306914e-003
  3.2815220e+000 -1.5400000e-003 -3.2030412e-003
  3.2875660e+000 -1.8220000e-003 -3.4106461e-003
  3.2936110e+000 -2.0230000e-003 -4.3604177e-003
  3.2996560e+000 -5.6650000e-003 -2.1552942e-003
  3.3057010e+000 -5.4520000e-003 -1.5340288e-003
  3.3117460e+000 -4.9550000e-003  2.6257202e-005
  3.3177900e+000 -4.7600000e-003  7.9978189e-004
  3.3238350e+000 -4.6060000e-003  1.5757860e-003
  3.3298800e+000 -7.3600000e-004 -1.3795473e-004
  3.3359250e+000 -7.2100000e-004  1.9316255e-004
  3.3419690e+000 -1.5860000e-003  7.7339918e-004
  3.3480140e+000 -3.8020000e-003  1.2428724e-003
  3.3540590e+000 -4.0300000e-003 -1.0145103e-003
  3.3601040e+000 -7.0130000e-003 -5.2243416e-004
  3.3661490e+000 -6.1790000e-003 -2.9411317e-004
  3.3721930e+000 -6.1700000e-003  3.7572016e-006
  3.3782380e+000 -2.8720000e-003 -1.2498560e-003
  3.3842830e+000 -3.5980000e-003  9.4826749e-004
  3.3903280e+000 -2.5640000e-003 -3.5984774e-004
  3.3963720e+000 -2.0790000e-003 -1.7305556e-004
  3.4024170e+000 -2.0220000e-003  2.7901235e-006
  3.4084620e+000 -1.8400000e-003 -2.2338683e-004
  3.4145070e+000 -1.2530000e-003 -4.8839712e-004
  3.4205520e+000 -1.4470000e-003 -3.9047140e-003
  3.4265960e+000 -9.2500000e-004 -3.7332325e-003
  3.4326410e+000 -7.7800000e-004 -2.6486831e-003
  3.4386860e+000 -1.8050000e-003 -2.6841132e-003
  3.4447310e+000 -1.3670000e-003 -1.3900885e-003
  3.4507750e+000 -1.8560000e-003 -6.1711934e-005
  3.4568200e+000 -3.4800000e-004 -1.4032099e-004
  3.4628650e+000 -1.2500000e-004 -3.8797737e-004
  3.4689100e+000 -2.4410000e-003 -8.4528601e-004
  3.4749550e+000 -1.7180000e-003 -2.4030329e-003
  3.4809990e+000 -1.7720000e-003 -1.3032551e-003
  3.4870440e+000 -2.9130000e-003 -1.2443765e-003
  3.4930890e+000 -1.2320000e-003 -2.1203292e-004
  3.4991340e+000  1.1800000e-004 -8.2647737e-004
  3.5051780e+000 -7.0400000e-004 -2.8913045e-003
  3.5112230e+000 -4.0100000e-004 -3.2823354e-003
  3.5172680e+000 -5.5000000e-005 -2.8324300e-003
  3.5233130e+000 -5.2800000e-004 -1.7627284e-003
  3.5293580e+000 -6.9500000e-004 -9.2543416e-004
  3.5354020e+000 -2.5360000e-003 -1.4170288e-003
  3.5414470e+000 -1.3610000e-003 -1.3778416e-003
  3.5474920e+000 -2.8500000e-003  2.7271605e-004
  3.5535370e+000 -2.4630000e-003 -2.2438580e-003
  3.5595810e+000 -1.2030000e-003 -1.9810062e-003
  3.5656260e+000 -1.3940000e-003 -9.7769959e-004
  3.5716710e+000 -1.5630000e-003 -2.8782099e-004
  3.5777160e+000 -4.2700000e-004 -1.3637387e-003
  3.5837610e+000 -3.0500000e-004 -1.0103848e-003
  3.5898050e+000  8.8700000e-004 -1.4316646e-003
  3.5958500e+000 -9.8000000e-005 -3.0353663e-003
  3.6018950e+000 -7.8200000e-004 -3.2635144e-003
  3.6079400e+000  7.0800000e-004 -2.4538642e-003
  3.6139840e+000 -3.7700000e-004 -2.6203477e-003
  3.6200290e+000  1.5030000e-003 -4.5556481e-003
  3.6260740e+000 -7.0500000e-004 -3.0965123e-003
  3.6321190e+000  1.0500000e-003 -4.1117901e-003
  3.6381640e+000 -3.1230000e-003 -1.6170185e-003
  3.6442080e+000 -2.2070000e-003 -5.1365638e-004
  3.6502530e+000 -2.3220000e-003 -1.1255556e-004
  3.6562980e+000 -1.4870000e-003 -1.3802675e-004
  3.6623430e+000  6.3300000e-004 -8.8145062e-004
  3.6683870e+000  8.2200000e-004 -6.2817284e-004
  3.6744320e+000  2.7850000e-003 -1.6222243e-003
  3.6804770e+000  1.1780000e-003 -1.0821893e-003
  3.6865220e+000  1.2830000e-003  7.2263169e-004
  3.6925670e+000  6.9500000e-004  9.9443416e-004
  3.6986110e+000  3.3200000e-004  2.0729959e-003
  3.7046560e+000 -1.4280000e-003  1.5992346e-003
  3.7107010e+000 -6.1700000e-004  2.6577572e-004
  3.7167460e+000  1.3900000e-004 -5.7211317e-004
  3.7227900e+000  1.0600000e-003 -1.4807119e-003
  3.7288350e+000  4.5630000e-003 -3.3077222e-003
  3.7348800e+000  2.4530000e-003 -6.1622016e-004
  3.7409250e+000  4.2420000e-003 -9.8043210e-004
  3.7469690e+000  3.1910000e-003 -2.3758498e-003
  3.7530140e+000  2.0830000e-003 -2.6091132e-003
  3.7590590e+000  2.6550000e-003 -2.2362407e-003
  3.7651040e+000  1.8630000e-003 -1.7118333e-003
  3.7711490e+000  3.9800000e-004 -1.6492881e-003
  3.7771930e+000 -1.8000000e-005 -1.5027407e-003
  3.7832380e+000 -1.0000000e-006 -1.9142078e-003
  3.7892830e+000  1.1580000e-003 -1.2333457e-003
  3.7953280e+000 -5.9100000e-004 -4.0482099e-004
  3.8013720e+000  1.1420000e-003 -1.1436708e-003
  3.8074170e+000 -4.1000000e-004 -7.4720576e-004
  3.8134620e+000  9.7000000e-005 -1.8884156e-004
  3.8195070e+000  5.0000000e-006 -1.0219609e-003
  3.8255520e+000 -1.3440000e-003  9.2691358e-005
  3.8315960e+000 -4.3000000e-005 -5.2893621e-004
  3.8376410e+000  1.5440000e-003 -2.7451276e-003
  3.8436860e+000  1.4730000e-003 -2.3398827e-003
  3.8497310e+000  1.5090000e-003 -3.0344012e-003
  3.8557750e+000  1.8720000e-003 -2.5329630e-003
  3.8618200e+000  1.0700000e-003 -3.9466337e-003
  3.8678650e+000  2.6910000e-003 -4.7617593e-003
  3.8739100e+000  3.1070000e-003 -4.9723066e-003
  3.8799550e+000  3.2210000e-003 -3.8066152e-003
  3.8859990e+000  1.8200000e-003 -2.8487695e-003
  3.8920440e+000  2.3710000e-003 -3.3702613e-003
  3.8980890e+000  2.7340000e-003 -3.1818230e-003
  3.9041340e+000  2.7630000e-003 -3.4057963e-003
  3.9101780e+000  1.6030000e-003 -3.1698663e-003
  3.9162230e+000  7.4000000e-005 -2.9726214e-003
  3.9222680e+000  7.6800000e-004 -3.7343951e-003
  3.9283130e+000  6.0300000e-004 -3.3676852e-003
  3.9343580e+000  1.9030000e-003 -3.0125206e-003
  3.9404020e+000  3.0500000e-003 -3.1271523e-003
  3.9464470e+000  1.8910000e-003 -2.1560144e-003
  3.9524920e+000  2.9950000e-003 -3.1205823e-003
  3.9585370e+000  1.2920000e-003 -2.5734979e-003
  3.9645810e+000  5.9100000e-004 -1.4711790e-003
  3.9706260e+000  1.1840000e-003 -2.7639424e-003
  3.9766710e+000  1.3030000e-003 -2.2482119e-003
  3.9827160e+000  2.4610000e-003 -2.6605576e-003
  3.9887610e+000  2.9980000e-003 -1.7689588e-003
  3.9948050e+000  4.9410000e-003 -2.4921667e-003
  4.0008500e+000  4.2490000e-003 -2.8209774e-003
  4.0068950e+000  3.1050000e-003 -1.5077222e-003
  4.0129400e+000  2.6040000e-003 -2.3498395e-003
  4.0189840e+000  7.5200000e-004 -1.7372016e-004
  4.0250290e+000  3.5300000e-004 -9.4163992e-004
  4.0310740e+000 -8.0000000e-004  1.4457449e-003
  4.0371190e+000 -6.2600000e-004  6.6590535e-004
  4.0431640e+000 -2.5200000e-004  2.0162963e-004
  4.0492080e+000  6.1000000e-004 -5.1523045e-004
  4.0552530e+000  1.3400000e-003  1.2647737e-004
  4.0612980e+000  1.0720000e-003  2.6678189e-004
  4.0673430e+000  2.1820000e-003 -7.7539095e-005
  4.0733870e+000  3.1110000e-003 -8.5947531e-004
  4.0794320e+000  3.3000000e-003 -1.3751975e-003
  4.0854770e+000  4.3820000e-003 -1.3903374e-003
  4.0915220e+000  4.6440000e-003 -1.8628889e-003
  4.0975670e+000  4.0450000e-003 -2.1783724e-003
  4.1036110e+000  4.2180000e-003 -7.1741975e-004
  4.1096560e+000  3.8250000e-003  4.4090741e-004
  4.1157010e+000  3.1000000e-003  8.6823868e-004
  4.1217460e+000  2.3790000e-003  1.5744012e-003
  4.1277900e+000  2.4090000e-003 -3.4136420e-004
  4.1338350e+000  1.9730000e-003 -2.0619733e-003
  4.1398800e+000  1.8520000e-003 -1.5291193e-003
  4.1459250e+000  2.1960000e-003 -1.6006296e-003
  4.1519700e+000  1.3150000e-003 -1.1477181e-003
  4.1580140e+000  2.4080000e-003 -1.0765720e-003
  4.1640590e+000  1.0890000e-003 -2.6368519e-004
  4.1701040e+000  1.5150000e-003  3.3584568e-004
  4.1761490e+000  1.7280000e-003  7.7311111e-004
  4.1821930e+000  2.2980000e-003  2.1295679e-003
  4.1882380e+000  2.5330000e-003  1.2114053e-003
  4.1942830e+000  1.8910000e-003 -6.8501440e-004
  4.2003280e+000  2.0190000e-003 -7.3741358e-004
  4.2063730e+000  3.6140000e-003 -1.6839424e-003
  4.2124170e+000  3.6000000e-003 -1.1948519e-003
  4.2184620e+000  4.4810000e-003 -1.2357634e-003
  4.2245070e+000  3.3850000e-003 -9.5853292e-004
  4.2305520e+000  1.5530000e-003 -1.0825720e-004
  4.2365960e+000  2.8860000e-003  1.3076543e-004
  4.2426410e+000  1.7020000e-003  1.3987078e-003
  4.2486860e+000  3.1480000e-003 -3.2878601e-004
  4.2547310e+000  3.0950000e-003 -1.6568004e-003
  4.2607760e+000  1.3510000e-003 -1.9812366e-003
  4.2668200e+000  1.8260000e-003 -2.2225226e-003
  4.2728650e+000  4.3760000e-003 -1.7095844e-003
  4.2789100e+000  5.4060000e-003 -2.1485309e-003
  4.2849550e+000  3.7940000e-003 -1.1915350e-003
  4.2909990e+000  2.4080000e-003 -6.4757202e-004
  4.2970440e+000  1.9810000e-003  9.5689300e-005
  4.3030890e+000  2.8160000e-003  2.7121811e-004
  4.3091340e+000  2.9360000e-003  7.5415638e-004
  4.3151790e+000  2.5080000e-003  8.3420988e-004
  4.3212230e+000  1.7370000e-003  5.7598148e-004
  4.3272680e+000 -3.4800000e-004  9.3367901e-004
  4.3333130e+000  2.2700000e-004  7.3217490e-004
  4.3393580e+000  3.0200000e-004 -1.5923868e-004
  4.3454020e+000  7.0000000e-006  8.2345473e-004
  4.3514470e+000 -9.8700000e-004  2.1178827e-003
  4.3574920e+000 -1.1350000e-003  2.2131255e-003
  4.3635370e+000 -2.3700000e-004  2.0774691e-004
  4.3695820e+000  2.5060000e-003 -2.5320576e-004
  4.3756260e+000  3.8230000e-003 -4.3550823e-004
  4.3816710e+000  3.0440000e-003  1.0526008e-003
  4.3877160e+000  7.8300000e-004  2.1977222e-003
  4.3937610e+000  1.4020000e-003  1.7943621e-003
  4.3998050e+000  2.3920000e-003  1.8181029e-003
  4.4058500e+000  2.6170000e-003  9.8386214e-004
  4.4118950e+000  4.5450000e-003  4.3353704e-004
  4.4179400e+000  4.7230000e-003  9.1252881e-004
  4.4239840e+000  3.2120000e-003  2.7585144e-003
  4.4300290e+000  2.0480000e-003  1.7716132e-003
  4.4360740e+000  1.5750000e-003  1.9863148e-003
  4.4421190e+000  2.3820000e-003  5.2802469e-004
  4.4481640e+000  1.9120000e-003  8.6434979e-004
  4.4542080e+000  1.6770000e-003  8.2551235e-004
  4.4602530e+000  1.8960000e-003  1.9500247e-003
  4.4662980e+000  7.0700000e-004  2.8639280e-003
  4.4723430e+000  9.7000000e-004  1.7425844e-003
  4.4783870e+000  4.4400000e-004  7.6727160e-004
  4.4844320e+000 -2.1600000e-004  6.1411111e-004
  4.4904770e+000 -4.0300000e-004  3.1924897e-004
  4.4965220e+000  4.3800000e-004 -1.2229753e-003
  4.5025670e+000  3.1900000e-004 -7.2570576e-004
  4.5086110e+000  1.8060000e-003 -1.5996790e-003
  4.5146560e+000  2.7440000e-003 -1.2107449e-003
  4.5207010e+000  2.1480000e-003 -7.5060494e-004
  4.5267460e+000  1.4190000e-003 -1.5801049e-003
  4.5327900e+000  1.7460000e-003 -1.6301481e-003
  4.5388350e+000  2.8710000e-003 -1.3973519e-003
  4.5448800e+000  1.8190000e-003 -8.6397737e-004
  4.5509250e+000  1.7240000e-003 -1.7017202e-003
  4.5569700e+000  1.0740000e-003 -1.8068025e-003
  4.5630140e+000  1.0790000e-003 -5.6076337e-004
  4.5690590e+000  1.5700000e-004 -1.3037243e-004
  4.5751040e+000  1.9830000e-003 -3.6589506e-004
  4.5811490e+000  2.5280000e-003  1.1836626e-004
  4.5871930e+000  2.8600000e-003 -3.1863786e-004
  4.5932380e+000  3.3170000e-003 -6.2466461e-004
  4.5992830e+000  1.7060000e-003 -6.9546091e-004
  4.6053280e+000  3.4700000e-004  9.9911317e-004
  4.6113730e+000  3.8800000e-004  1.0076337e-003
  4.6174170e+000 -1.1110000e-003  3.0901132e-003
  4.6234620e+000 -2.5120000e-003  3.4369588e-003
  4.6295070e+000 -2.7700000e-003  4.0333416e-003
  4.6355520e+000 -8.3200000e-004  3.2600947e-003
  4.6415960e+000 -7.0000000e-006  1.8055453e-003
  4.6476410e+000  1.6540000e-003  1.3197325e-003
  4.6536860e+000  2.2400000e-003  1.5665144e-003
  4.6597310e+000  1.4260000e-003  2.9653498e-003
  4.6657760e+000  2.2290000e-003  9.9122840e-004
  4.6718200e+000  2.1600000e-003  1.2918889e-003
  4.6778650e+000  1.0240000e-003  1.3138066e-003
  4.6839100e+000  1.0370000e-003  1.8145082e-003
  4.6899550e+000  1.5400000e-003  1.5480412e-003
  4.6959990e+000  1.3040000e-003  1.6019959e-003
  4.7020440e+000  2.2400000e-003  1.7725144e-003
  4.7080890e+000  3.0630000e-003  9.6954938e-004
  4.7141340e+000  1.7490000e-003  1.6854753e-003
  4.7201790e+000  1.1990000e-003  3.0591749e-003
  4.7262230e+000  2.4240000e-003  2.1617531e-003
  4.7322680e+000  3.6220000e-003 -1.1527984e-004
  4.7383130e+000  2.6680000e-003  1.0044609e-003
  4.7443580e+000  2.5260000e-003  5.6195062e-004
  4.7504020e+000  3.0380000e-003 -1.8264609e-004
  4.7564470e+000  4.3200000e-003 -2.0922222e-004
  4.7624920e+000  3.4360000e-003  1.2600658e-003
  4.7685370e+000  6.0300000e-004  5.4331481e-004
  4.7745820e+000  1.1680000e-003 -4.9826749e-004
  4.7806260e+000  1.8590000e-003 -1.4326646e-003
  4.7866710e+000  4.1700000e-004 -6.7033951e-004
  4.7927160e+000  4.9300000e-004 -1.4554527e-004
  4.7987610e+000 -3.9400000e-004  2.7311934e-004
  4.8048050e+000 -1.8500000e-004 -1.1244650e-004
  4.8108500e+000  6.0300000e-004 -2.1268519e-004
  4.8168950e+000  1.0420000e-003  5.1154733e-004
  4.8229400e+000 -2.0100000e-004  2.1872284e-003
  4.8289850e+000 -5.9200000e-004  1.7859712e-003
  4.8350290e+000 -2.0440000e-003  1.6652181e-003
  4.8410740e+000 -1.1300000e-003  2.9316461e-004
  4.8471190e+000 -1.7350000e-003  1.6064342e-003
  4.8531640e+000 -2.4000000e-005  1.9850123e-003
  4.8592080e+000  1.8680000e-003  1.1742058e-003
  4.8652530e+000  2.4010000e-003  1.1897325e-004
  4.8712980e+000  5.0000000e-006  1.1820391e-003
  4.8773430e+000  5.2200000e-004  1.1344815e-003
  4.8833880e+000  8.4800000e-004 -5.3376955e-004
  4.8894320e+000  5.7600000e-004 -9.4829630e-004
  4.8954770e+000  1.7060000e-003 -1.5394609e-003
  4.9015220e+000  3.2400000e-004  6.7733333e-004
  4.9075670e+000 -1.0500000e-004  7.0617901e-004
  4.9136110e+000  1.2540000e-003  1.1396049e-003
  4.9196560e+000  6.1600000e-004  1.5400165e-003
  4.9257010e+000 -5.7600000e-004  4.0229630e-004
  4.9317460e+000 -9.7300000e-004 -5.2207819e-005
  4.9377910e+000 -2.5560000e-003 -1.1671852e-003
  4.9438350e+000 -1.9330000e-003 -9.9871399e-004
  4.9498800e+000 -6.1400000e-004 -1.4260082e-004
  4.9559250e+000  2.8500000e-004 -9.6771605e-005
  4.9619700e+000  7.0000000e-006 -4.3454527e-004
  4.9680140e+000 -1.4380000e-003  7.9515638e-004
  4.9740590e+000 -2.0760000e-003  9.3756790e-004
  4.9801040e+000 -6.1600000e-004 -2.5101646e-004
  4.9861490e+000  1.1800000e-004 -3.1547737e-004
  4.9921940e+000 -5.9300000e-004  1.4787634e-003
  4.9982380e+000 -1.5970000e-003  2.3981132e-003
  5.0042830e+000 -1.7560000e-003  1.9770700e-003
  5.0103280e+000 -1.0820000e-003  1.1291399e-003
  5.0163730e+000 -3.4900000e-004  1.0824712e-003
  5.0224170e+000  6.8700000e-004  9.8977160e-004
  5.0284620e+000 -2.0000000e-006  8.6158436e-004
  5.0345070e+000 -4.6400000e-004  1.2705720e-003
  5.0405520e+000 -1.0710000e-003  8.8842593e-004
  5.0465970e+000 -1.3030000e-003 -5.8878807e-004
  5.0526410e+000 -1.1670000e-003  1.2904753e-003
  5.0586860e+000 -6.1000000e-004  1.4882305e-003
  5.0647310e+000  4.8100000e-004  1.2279609e-003
  5.0707760e+000  6.1400000e-004  1.8246008e-003
  5.0768200e+000 -6.9200000e-004  5.4318930e-004
  5.0828650e+000 -1.1050000e-003 -1.2586399e-003
  5.0889100e+000 -1.6810000e-003 -1.5353436e-003
  5.0949550e+000 -1.0540000e-003 -1.7960412e-003
  5.1009990e+000 -1.3910000e-003 -7.3207613e-004
  5.1070440e+000 -9.0100000e-004 -7.2524486e-004
  5.1130890e+000 -2.1100000e-003 -2.0949794e-004
  5.1191340e+000 -2.6400000e-003  1.1943580e-003
  5.1251790e+000 -3.1650000e-003  1.4872531e-003
  5.1312230e+000 -1.3670000e-003  6.8691152e-004
  5.1372680e+000 -1.0710000e-003 -1.0205741e-003
  5.1433130e+000 -9.5400000e-004 -1.9992593e-003
  5.1493580e+000 -3.7000000e-004 -1.2058930e-003
  5.1554020e+000 -3.1200000e-003  4.3604938e-005
  5.1614470e+000 -2.9230000e-003  2.4454527e-004
  5.1674920e+000 -3.0950000e-003  4.5800412e-005
  5.1735370e+000 -2.5830000e-003 -1.2807963e-003
  5.1795820e+000 -2.4380000e-003 -3.1766255e-004
  5.1856260e+000 -2.7720000e-003 -1.6407407e-004
  5.1916710e+000 -3.2960000e-003 -4.6997119e-004
  5.1977160e+000 -2.3880000e-003 -5.0827160e-004
  5.2037610e+000 -1.6260000e-003  1.0940864e-003
  5.2098050e+000 -1.1820000e-003  3.4235802e-004
  5.2158500e+000 -2.2120000e-003 -9.9769547e-004
  5.2218950e+000 -3.3730000e-003 -1.1599733e-003
  5.2279400e+000 -3.8060000e-003 -1.0699588e-003
  5.2339850e+000 -3.6780000e-003 -1.9333580e-003
  5.2400290e+000 -3.6250000e-003 -7.2334362e-004
  5.2460740e+000 -3.0980000e-003 -8.1982305e-004
  5.2521190e+000 -2.8160000e-003 -2.0452181e-003
  5.2581640e+000 -2.3970000e-003 -3.9191420e-003
  5.2642080e+000 -1.9880000e-003 -4.0621440e-003
  5.2702530e+000 -1.5480000e-003 -2.9477037e-003
  5.2762980e+000 -1.5770000e-003 -2.7297305e-003
  5.2823430e+000 -1.5160000e-003 -2.9990535e-003
  5.2883880e+000 -1.8510000e-003 -2.2876728e-003
  5.2944320e+000 -2.9900000e-003 -1.5733786e-003
  5.3004770e+000 -3.5240000e-003  3.7646091e-005
  5.3065220e+000 -2.9000000e-003  6.6332510e-004
  5.3125670e+000 -7.4300000e-004 -1.3204095e-003
  5.3186110e+000 -3.9000000e-004 -2.3800494e-003
  5.3246560e+000 -2.1900000e-003 -2.1041235e-003
  5.3307010e+000 -3.7330000e-003 -1.1617881e-003
  5.3367460e+000 -3.4380000e-003 -8.7248148e-004
  5.3427910e+000 -2.7290000e-003 -8.6513786e-004
  5.3488350e+000 -1.8400000e-003 -2.5338683e-004
  5.3548800e+000 -7.7100000e-004 -8.9722840e-004
  5.3609250e+000 -8.5200000e-004 -1.9560617e-003
  5.3669700e+000 -1.3910000e-003 -2.9150761e-003
  5.3730140e+000 -2.5600000e-003 -1.3950165e-003
  5.3790590e+000 -2.4360000e-003 -4.8624691e-004
  5.3851040e+000 -1.0890000e-003 -4.3431481e-004
  5.3911490e+000 -9.0600000e-004 -5.5128395e-004
  5.3971940e+000 -5.6000000e-004 -1.0643786e-003
  5.4032380e+000 -8.2200000e-004  3.6017284e-004
  5.4092830e+000 -2.1770000e-003  6.4757819e-004
  5.4153280e+000 -7.9000000e-004 -7.8317695e-004
  5.4213730e+000 -2.6600000e-004 -1.9532798e-003
  5.4274170e+000 -7.8300000e-004 -2.9067222e-003
  5.4334620e+000 -1.5520000e-003 -3.5945350e-003
  5.4395070e+000 -2.3520000e-003 -3.6967901e-003
  5.4455520e+000 -2.7670000e-003 -2.2830350e-003
  5.4515970e+000 -2.6140000e-003 -1.0142387e-003
  5.4576410e+000 -4.1040000e-003  3.5811111e-004
  5.4636860e+000 -3.8460000e-003  1.9217284e-003
  5.4697310e+000 -4.1030000e-003  2.4343189e-003
  5.4757760e+000 -2.3240000e-003  1.0620288e-003
  5.4818200e+000 -3.0820000e-003  8.9050206e-004
  5.4878650e+000 -1.4190000e-003 -6.0289506e-004
  5.4939100e+000 -2.0330000e-003 -8.0449588e-004
  5.4999550e+000 -2.2890000e-003 -1.3469753e-004
  5.5060000e+000 -2.9570000e-003  1.1234794e-003
  5.5120440e+000 -3.5690000e-003  3.7629424e-004
  5.5180890e+000 -8.9300000e-004 -8.5658230e-004
  5.5241340e+000 -1.2500000e-004 -8.6597737e-004
  5.5301790e+000 -1.5310000e-003  2.0882922e-004
  5.5362230e+000 -1.9030000e-003  9.1152058e-004
  5.5422680e+000 -1.6100000e-003 -3.9458848e-004
  5.5483130e+000 -7.0700000e-004 -2.5792798e-004
  5.5543580e+000 -2.4830000e-003  7.4985597e-005
  5.5604030e+000 -2.9600000e-003 -1.0361440e-003
  5.5664470e+000 -3.8760000e-003 -8.4550617e-004
  5.5724920e+000 -3.8970000e-003 -2.5387037e-004
  5.5785370e+000 -4.0400000e-003 -6.5058848e-004
  5.5845820e+000 -2.1770000e-003 -8.3042181e-004
  5.5906260e+000 -2.5640000e-003 -1.2118477e-003
  5.5966710e+000 -4.4000000e-003  5.0559671e-004
  5.6027160e+000 -4.7080000e-003  3.4558848e-004
  5.6087610e+000 -4.6400000e-003 -8.0279835e-005
  5.6148060e+000 -5.2910000e-003 -7.3569959e-005
  5.6208500e+000 -5.5830000e-003 -7.2925309e-004
  5.6268950e+000 -3.0030000e-003 -1.2130802e-003
  5.6329400e+000 -2.0240000e-003  2.1737449e-004
  5.6389850e+000 -2.5950000e-003 -9.1929012e-004
  5.6450290e+000 -2.2130000e-003 -1.7999033e-003
  5.6510740e+000 -2.4190000e-003 -8.6471399e-004
  5.6571190e+000 -2.5380000e-003 -1.6864444e-003
  5.6631640e+000 -2.1770000e-003 -1.7004218e-003
  5.6692090e+000 -2.5810000e-003 -7.3138066e-004
  5.6752530e+000 -2.7400000e-003  5.0576132e-005
  5.6812980e+000 -2.0760000e-003  7.6356790e-004
  5.6873430e+000 -1.3680000e-003 -1.0629630e-004
  5.6933880e+000 -9.6600000e-004 -1.0497531e-003
  5.6994320e+000 -2.5600000e-004  7.1379835e-004
  5.7054770e+000 -1.3500000e-003  1.2234444e-003
  5.7115220e+000 -1.7020000e-003  7.8329218e-004
  5.7175670e+000 -3.0750000e-003  6.1195679e-004
  5.7236120e+000 -3.6040000e-003  6.1202058e-004
  5.7296560e+000 -2.7430000e-003  1.6295267e-004
  5.7357010e+000 -8.5800000e-004  2.9369136e-004
  5.7417460e+000 -1.0870000e-003 -1.0318992e-003
  5.7477910e+000 -1.2450000e-003 -9.0073457e-004
  5.7538350e+000 -1.6820000e-003  2.3944856e-004
  5.7598800e+000 -1.0310000e-003  2.1973868e-004
  5.7659250e+000 -1.4370000e-003  1.5433642e-003
  5.7719700e+000 -2.2000000e-004  8.2127984e-004
  5.7780150e+000  2.4300000e-004  5.0350000e-004
  5.7840590e+000 -4.4000000e-005 -4.3114403e-004
  5.7901040e+000 -1.1310000e-003 -6.8204321e-004
  5.7961490e+000 -2.9100000e-003 -6.2175309e-004
  5.8021940e+000 -2.5950000e-003  2.6870988e-004
  5.8082380e+000 -3.8410000e-003  1.8687675e-003
  5.8142830e+000 -3.4910000e-003  1.3535041e-003
  5.8203280e+000 -1.9620000e-003  2.0852593e-003
  5.8263730e+000 -1.1940000e-003  1.3168642e-003
  5.8324170e+000 -2.7400000e-004 -9.7942387e-005
  5.8384620e+000 -1.0980000e-003  9.8814815e-005
  5.8445070e+000 -6.7200000e-004 -3.8765432e-004
  5.8505520e+000  1.8060000e-003  7.3209877e-006
  5.8565970e+000  1.0410000e-003  2.1533951e-004
  5.8626410e+000  1.8530000e-003 -4.9591152e-004
  5.8686860e+000  2.8700000e-004  1.2664403e-004
  5.8747310e+000 -7.1500000e-004 -1.4025905e-003
  5.8807760e+000 -1.3700000e-004 -1.9954712e-003
  5.8868200e+000  6.1800000e-004 -1.8895679e-003
  5.8928650e+000  5.5500000e-004 -2.8666049e-004
  5.8989100e+000 -1.4840000e-003  1.7359671e-004
  5.9049550e+000 -1.8240000e-003  3.7293827e-004
  5.9110000e+000 -1.8300000e-004 -6.9030864e-005
  5.9170440e+000 -1.4640000e-003  6.5175309e-004
  5.9230890e+000 -3.1270000e-003  9.7115021e-004
  5.9291340e+000 -3.0710000e-003  1.4927881e-003
  5.9351790e+000 -2.1560000e-003  2.1989424e-003
  5.9412230e+000 -2.3480000e-003  2.6470412e-003
  5.9472680e+000 -1.4100000e-003  2.3909753e-003
  5.9533130e+000 -2.0600000e-004  8.8018930e-004
  5.9593580e+000  2.3100000e-003 -4.9893827e-004
  5.9654030e+000  1.5940000e-003 -1.9773663e-004
  5.9714470e+000  7.4900000e-004  1.5656379e-005
  5.9774920e+000  9.9500000e-004  6.9277984e-004
  5.9835370e+000  1.3600000e-004  9.3426337e-004
  5.9895820e+000 -7.4700000e-004  6.8875926e-004
  5.9956260e+000  4.0600000e-004  1.3353745e-003
  6.0016710e+000  3.0100000e-004  5.5534979e-006
  6.0077160e+000 -2.1010000e-003  1.9503724e-003
  6.0137610e+000 -8.9800000e-004  1.4483786e-003
  6.0198060e+000 -1.1920000e-003  8.0427984e-004
  6.0258500e+000 -1.6700000e-004 -5.1705761e-005
  6.0318950e+000 -2.3800000e-004  1.4835391e-003
  6.0379400e+000  1.6300000e-004  1.4098745e-003
  6.0439850e+000  1.9830000e-003  7.9610494e-004
  6.0500290e+000  1.5640000e-003 -1.0169712e-003
  6.0560740e+000  1.0680000e-003 -3.9704938e-004
  6.0621190e+000  1.7620000e-003 -2.2282305e-004
  6.0681640e+000 -5.9000000e-005  1.2577387e-003
  6.0742090e+000 -4.2700000e-004  3.0512613e-003
  6.0802530e+000 -6.7400000e-004  2.2079300e-003
  6.0862980e+000 -1.3700000e-004  1.0735288e-003
  6.0923430e+000 -2.5100000e-004 -1.5661626e-003
  6.0983880e+000 -5.3500000e-004 -2.2861831e-003
  6.1044320e+000  8.8900000e-004 -1.5392490e-003
  6.1104770e+000  1.0010000e-003 -8.6697325e-004
  6.1165220e+000  1.3350000e-003  1.9984383e-003
  6.1225670e+000  1.9410000e-003  7.8937654e-004
  6.1286120e+000  1.9900000e-003  6.8355967e-004
  6.1346560e+000  2.9820000e-003 -8.5128395e-004
  6.1407010e+000  2.1370000e-003 -1.2248909e-003
  6.1467460e+000  5.8800000e-004 -1.2088025e-003
  6.1527910e+000  8.6200000e-004 -2.3860082e-005
  6.1588350e+000  3.0400000e-004  1.9181770e-003
  6.1648800e+000  4.0900000e-004  3.6909979e-003
  6.1709250e+000 -2.1600000e-004  2.1861111e-003
  6.1769700e+000  1.0900000e-003  1.3805226e-003
  6.1830150e+000  3.1600000e-003  1.0207078e-003
  6.1890590e+000  2.9460000e-003  4.8223457e-004
  6.1951040e+000  3.4020000e-003 -1.3180000e-003
  6.2011490e+000  2.6540000e-003  6.7555144e-004
  6.2071940e+000  2.1040000e-003 -3.8174897e-004
  6.2132380e+000  1.0100000e-004  8.7898971e-004
  6.2192830e+000  7.1000000e-004 -6.2244856e-004
  6.2253280e+000  1.4320000e-003 -1.0024033e-003
  6.2313730e+000  7.5400000e-004 -9.1030453e-004
  6.2374180e+000  5.1000000e-004  2.9198765e-004
  6.2434620e+000  1.3600000e-004  1.5542634e-003
  6.2495070e+000  8.9700000e-004  1.8084136e-003
  6.2555520e+000  6.6000000e-005  1.2097160e-003
  6.2615970e+000  5.1200000e-004  9.0140329e-004
  6.2676410e+000 -3.4700000e-004  1.5218868e-003
  6.2736860e+000 -3.4500000e-004  1.6223025e-003
  6.2797310e+000 -3.8600000e-004  8.8678189e-004
  6.2857760e+000  9.4500000e-004 -5.7761111e-004
  6.2918210e+000  1.8780000e-003 -3.3716049e-005
  6.2978650e+000  1.2340000e-003  1.0824486e-003
  6.3039100e+000  2.5580000e-003  1.8860082e-004
  6.3099550e+000  2.6200000e-003 -4.2251440e-004
  6.3160000e+000  1.3180000e-003 -6.6909465e-004
  6.3220440e+000  1.6400000e-004  4.5708230e-004
  6.3280890e+000  7.6600000e-004 -2.7681070e-004
  6.3341340e+000  4.7300000e-004 -1.8570165e-004
  6.3401790e+000 -1.4100000e-004  1.5506975e-003
  6.3462240e+000  1.2800000e-003  7.0200823e-004
  6.3522680e+000  8.0000000e-005 -3.8937449e-004
  6.3583130e+000  9.7800000e-004 -6.3175309e-004
  6.3643580e+000  1.9510000e-003 -8.1654527e-004
  6.3704030e+000  1.4780000e-003 -3.3884362e-004
  6.3764470e+000  9.5600000e-004 -1.0932510e-004
  6.3824920e+000  1.8470000e-003  1.3608416e-003
  6.3885370e+000  1.4100000e-003  2.6020247e-003
  6.3945820e+000  1.5970000e-003  1.5708868e-003
  6.4006270e+000  1.3190000e-003  1.7981132e-003
  6.4066710e+000  2.0700000e-003  6.6118519e-004
  6.4127160e+000  1.5390000e-003  1.0008333e-003
  6.4187610e+000  2.0190000e-003 -1.0941358e-004
  6.4248060e+000  2.3310000e-003 -1.0595741e-003
  6.4308500e+000  3.4110000e-003 -1.6911296e-003
  6.4368950e+000  4.4650000e-003 -9.0808848e-004
  6.4429400e+000  2.7060000e-003 -1.3906420e-003
  6.4489850e+000  3.5320000e-003 -1.2069835e-003
  6.4550300e+000  5.4370000e-003 -1.2750885e-003
  6.4610740e+000  5.4400000e-003 -9.5146502e-004
  6.4671190e+000  2.8480000e-003  4.8868313e-005
  6.4731640e+000  2.3960000e-003  4.9293416e-004
  6.4792090e+000  2.0670000e-003 -9.3643827e-004
  6.4852530e+000  2.9860000e-003 -2.6454527e-003
  6.4912980e+000  1.5410000e-003 -7.8875103e-004
  6.4973430e+000  1.8240000e-003  6.0617284e-006
  6.5033880e+000 -9.2300000e-004  1.2511831e-003
  6.5094320e+000 -3.3600000e-004  1.1101728e-003
  6.5154770e+000 -2.6000000e-005  5.0459671e-004
  6.5215220e+000  1.8670000e-003  8.3899794e-004
  6.5275670e+000  2.5480000e-003  1.2915226e-003
  6.5336120e+000  1.6480000e-003  6.3348560e-004
  6.5396560e+000  2.0970000e-003 -9.5920370e-004
  6.5457010e+000  1.0170000e-003  4.9435185e-004
  6.5517460e+000  1.8790000e-003  6.7849177e-004
  6.5577910e+000  3.2720000e-003 -1.0800165e-003
  6.5638350e+000  4.5440000e-003 -9.9067078e-004
  6.5698800e+000  4.7150000e-003 -6.3913374e-004
  6.5759250e+000  3.4160000e-003 -4.1909053e-004
  6.5819700e+000  7.7300000e-004  7.4864403e-004
  6.5880150e+000  8.4200000e-004  2.4698354e-004
  6.5940590e+000  3.4790000e-003  8.8800206e-004
  6.6001040e+000  1.2890000e-003  1.4548786e-003
  6.6061490e+000  8.8100000e-004  2.6930885e-003
  6.6121940e+000  1.1190000e-003  3.0705494e-003
  6.6182380e+000  2.0250000e-003  3.4468333e-003
  6.6242830e+000  2.0440000e-003  2.5647819e-003
  6.6303280e+000 -6.9700000e-004  1.3711502e-003
  6.6363730e+000  7.5000000e-005  1.5505864e-003
  6.6424180e+000 -6.0000000e-006 -5.2224691e-004
  6.6484620e+000  6.3000000e-004 -3.9007407e-004
  6.6545070e+000  1.6210000e-003 -2.3751255e-003
  6.6605520e+000  2.8720000e-003 -3.9671440e-003
  6.6665970e+000  2.7810000e-003 -3.2050556e-003
  6.6726410e+000  2.0280000e-003 -1.7155432e-003
  6.6786860e+000  2.5570000e-003 -1.4660700e-004
  6.6847310e+000  1.8130000e-003  6.1677572e-004
  6.6907760e+000  2.2710000e-003  1.9195679e-004
  6.6968210e+000  9.5000000e-005  5.6742798e-005
  6.7028650e+000 -2.4400000e-004  6.4129218e-004
  6.7089100e+000  1.1250000e-003 -8.8620370e-004
  6.7149550e+000  1.5330000e-003 -1.0474136e-003
  6.7210000e+000  2.1960000e-003 -5.4462963e-004
  6.7270440e+000  1.1940000e-003 -7.1586420e-004
  6.7330890e+000  4.0500000e-004 -1.8483333e-004
  6.7391340e+000  1.0370000e-003 -9.2149177e-004
  6.7451790e+000  2.1750000e-003 -9.0099383e-004
  6.7512240e+000  2.3520000e-003 -7.8720988e-004
  6.7572680e+000  1.0920000e-003 -1.4610617e-003
  6.7633130e+000  5.5400000e-004 -2.3688683e-003
  6.7693580e+000 -3.2200000e-004 -2.1109177e-003
  6.7754030e+000  8.2200000e-004 -1.4581728e-003
  6.7814470e+000  7.7900000e-004  9.2890947e-005
  6.7874920e+000  1.0910000e-003 -7.7826955e-004
  6.7935370e+000  1.2640000e-003 -7.3031687e-004
  6.7995820e+000 -3.2800000e-004 -1.1681646e-003
  6.8056270e+000  6.2200000e-004 -4.5373663e-004
  6.8116710e+000  4.1400000e-004  1.1930370e-003
  6.8177160e+000  7.1100000e-004  1.4507593e-003
  6.8237610e+000 -8.4300000e-004  8.4380864e-004
  6.8298060e+000 -9.0900000e-004  2.3709259e-004
  6.8358500e+000 -1.8990000e-003  2.2503519e-003
  6.8418950e+000 -1.5290000e-003  2.1012449e-003
  6.8479400e+000 -9.2900000e-004  2.0829362e-003
  6.8539850e+000 -4.7000000e-005  1.2972325e-003
  6.8600300e+000  1.5370000e-003  9.6417695e-005
  6.8660740e+000  9.1200000e-004  1.3555309e-003
  6.8721190e+000  1.4290000e-003  4.2497325e-004
  6.8781640e+000 -3.2000000e-004 -7.3950206e-004
  6.8842090e+000 -1.8160000e-003 -1.4263992e-003
  6.8902530e+000 -1.4810000e-003  3.2220165e-005
  6.8962980e+000 -2.5180000e-003  7.3371193e-004
  6.9023430e+000 -3.4690000e-003  4.9907613e-004
  6.9083880e+000 -2.1560000e-003  2.1769424e-003
  6.9144330e+000  7.5900000e-004  2.0147346e-003
  6.9204770e+000  1.1500000e-003  9.1099177e-004
  6.9265220e+000  6.3800000e-004  1.0758848e-004
  6.9325670e+000  9.0700000e-004 -3.3450823e-004
  6.9386120e+000  9.1400000e-004 -1.3040535e-003
  6.9446560e+000  1.1800000e-003 -1.1217737e-003
  6.9507010e+000  8.7600000e-004 -9.1595062e-004
  6.9567460e+000  2.5800000e-004 -1.5883827e-003
  6.9627910e+000  2.4300000e-004 -5.8750000e-004
  6.9688360e+000  6.4900000e-004 -1.9071255e-003
  6.9748800e+000  2.7740000e-003 -2.4995103e-003
  6.9809250e+000  3.6280000e-003 -2.1150329e-003
  6.9869700e+000  3.5970000e-003 -2.0084753e-003
  6.9930150e+000  2.5650000e-003 -5.5394444e-004
  6.9990590e+000  3.1350000e-003  3.2551235e-004
  7.0051040e+000  2.4790000e-003  4.1018313e-004
  7.0111490e+000  1.0540000e-003 -5.4958848e-005
  7.0171940e+000 -8.3500000e-004  1.0774712e-003
  7.0232390e+000  2.4600000e-004  1.7112346e-004
  7.0292830e+000 -2.4300000e-004 -8.7450000e-004
  7.0353280e+000 -3.6800000e-004 -1.1204774e-003
  7.0413730e+000  5.9300000e-004 -2.1337634e-003
  7.0474180e+000 -2.4900000e-004 -1.6327469e-003
  7.0534620e+000  7.3000000e-005 -7.6582922e-004
  7.0595070e+000 -1.1940000e-003  1.7938642e-003
  7.0655520e+000 -1.7640000e-003  1.5804074e-003
  7.0715970e+000  5.3400000e-004  5.0097531e-004
  7.0776420e+000  9.3400000e-004  3.5110288e-004
  7.0836860e+000  1.7770000e-003 -1.4397058e-003
  7.0897310e+000  4.3600000e-004  2.8560905e-004
  7.0957760e+000  7.2000000e-005  3.1196296e-004
  7.1018210e+000 -9.0000000e-004  2.2189630e-003
  7.1078650e+000 -6.5000000e-005 -3.0250823e-004
  7.1139100e+000 -1.4700000e-004  4.6545062e-004
  7.1199550e+000 -2.2700000e-004  1.8382510e-004
  7.1260000e+000  5.3000000e-005  5.9014403e-005
  7.1320450e+000  1.7610000e-003 -3.5903086e-004
  7.1380890e+000  1.2290000e-003 -1.4155905e-003
  7.1441340e+000  1.0430000e-003 -1.5892449e-003
  7.1501790e+000 -1.4210000e-003 -8.9331070e-004
  7.1562240e+000 -1.3080000e-003 -9.9882716e-004
  7.1622680e+000 -6.7200000e-004 -1.5266543e-003
  7.1683130e+000  1.1400000e-004 -1.6383086e-003
  7.1743580e+000 -3.2400000e-004 -9.0933333e-004
  7.1804030e+000 -1.2090000e-003  8.5674691e-004
  7.1864480e+000  6.2600000e-004  2.9309465e-004
  7.1924920e+000  3.0900000e-004  1.7521605e-004
  7.1985370e+000 -1.9300000e-004  1.2858909e-003
  7.2045820e+000 -1.8000000e-003  1.4729259e-003
  7.2106270e+000 -2.0180000e-003  2.2816214e-003
  7.2166710e+000 -8.8700000e-004  2.7566461e-004
  7.2227160e+000 -6.4800000e-004 -1.4376667e-003
  7.2287610e+000 -1.9910000e-003 -1.5877675e-003
  7.2348060e+000 -3.7730000e-003 -1.2571008e-003
  7.2408500e+000 -2.8180000e-003 -1.3563374e-004
  7.2468950e+000  1.4900000e-004 -1.0580350e-003
  7.2529400e+000  9.9400000e-004 -8.0742798e-004
  7.2589850e+000 -1.6600000e-004 -3.5649794e-004
  7.2650300e+000 -1.2250000e-003  6.4218107e-006
  7.2710740e+000 -1.1840000e-003 -9.2057613e-005
  7.2771190e+000 -1.1420000e-003  5.5670782e-005
  7.2831640e+000  5.7500000e-004 -1.3485041e-003
  7.2892090e+000 -3.2800000e-004 -7.0816461e-004
  7.2952530e+000 -1.4970000e-003  9.8789506e-004
  7.3012980e+000 -2.2900000e-003  1.3509465e-004
  7.3073430e+000 -1.2900000e-003 -4.8008642e-004
  7.3133880e+000 -4.8800000e-004 -5.4341564e-004
  7.3194330e+000 -1.4010000e-003  2.1328457e-003
  7.3254770e+000 -3.2100000e-004  2.1572901e-003
  7.3315220e+000 -1.0300000e-003  1.4039465e-003
  7.3375670e+000 -2.8510000e-003  8.9150823e-004
  7.3436120e+000 -2.2450000e-003 -1.4845535e-003
  7.3496560e+000 -2.5010000e-003 -2.2987551e-003
  7.3557010e+000 -1.2860000e-003 -1.2412551e-003
  7.3617460e+000 -1.6700000e-003 -9.8805761e-004
  7.3677910e+000 -2.7640000e-003  1.5458848e-004
  7.3738360e+000 -1.4640000e-003 -1.6212469e-003
  7.3798800e+000 -5.1000000e-004 -1.9019877e-003
  7.3859250e+000 -2.4110000e-003 -2.2230514e-003
  7.3919700e+000 -2.0170000e-003 -7.8170782e-005
  7.3980150e+000 -9.5300000e-004 -1.3540514e-003
  7.4040590e+000  1.2300000e-004  6.8556173e-004
  7.4101040e+000  8.2300000e-004  2.5003498e-004
  7.4161490e+000 -4.4000000e-005  1.6218560e-003
  7.4221940e+000  1.8800000e-004  1.8290700e-003
  7.4282390e+000  1.8000000e-005  7.9174074e-004
  7.4342830e+000 -1.7280000e-003 -1.8811111e-004
  7.4403280e+000 -1.4880000e-003 -7.4923457e-004
  7.4463730e+000 -1.3350000e-003 -9.8143827e-004
  7.4524180e+000 -5.2900000e-004 -1.8849362e-003
  7.4584620e+000  8.9900000e-004 -2.4017078e-004
  7.4645070e+000  7.6900000e-004 -6.7018724e-004
  7.4705520e+000  3.9200000e-004 -8.5353498e-004
  7.4765970e+000 -1.2300000e-003 -1.7361728e-004
  7.4826420e+000  1.2500000e-004 -3.0102263e-004
  7.4886860e+000 -3.5300000e-004 -1.5283601e-003
  7.4947310e+000 -1.2900000e-003 -5.9508642e-004
  7.5007760e+000 -2.6520000e-003 -1.3951358e-003
  7.5068210e+000 -7.6800000e-004 -2.7076049e-003
  7.5128650e+000  1.4490000e-003 -2.3558704e-003
  7.5189100e+000  2.0050000e-003 -1.1293230e-003
  7.5249550e+000  2.3880000e-003  5.2127160e-004
  7.5310000e+000  1.2570000e-003  4.4122840e-004
  7.5370450e+000  2.8960000e-003  6.4084362e-004
  7.5430890e+000 -1.4200000e-004  1.8194897e-003
  7.5491340e+000 -3.1920000e-003  7.3264198e-004
  7.5551790e+000 -1.7770000e-003  5.2705761e-005
  7.5612240e+000  2.3700000e-004  1.3925309e-004
  7.5672680e+000  4.2500000e-004 -1.0216770e-003
  7.5733130e+000 -1.0100000e-003 -4.4289712e-004
  7.5793580e+000 -5.7900000e-004 -8.4732716e-004
  7.5854030e+000 -4.0370000e-003 -8.3396502e-004
  7.5914480e+000 -2.2910000e-003 -5.2311317e-004
  7.5974920e+000  4.2400000e-004 -2.8588477e-004
  7.6035370e+000  1.2140000e-003 -1.2337078e-003
  7.6095820e+000  1.7200000e-003 -2.2335514e-003
  7.6156270e+000  1.1880000e-003 -1.3631111e-003
  7.6216710e+000  6.1400000e-004 -3.0703992e-003
  7.6277160e+000  1.5880000e-003 -3.8189835e-003
  7.6337610e+000  1.2980000e-003 -2.1482510e-003
  7.6398060e+000 -1.8580000e-003 -1.8112757e-004
  7.6458510e+000 -1.0410000e-003  2.5106605e-003
  7.6518950e+000  2.6800000e-004  1.5916955e-003
  7.6579400e+000 -1.2790000e-003 -9.3280041e-004
  7.6639850e+000  2.4740000e-003 -3.1028560e-003
  7.6700300e+000  1.5450000e-003 -1.0349198e-003
  7.6760740e+000  1.5980000e-003  1.4660947e-003
  7.6821190e+000 -1.6800000e-004  8.6008642e-004
  7.6881640e+000  1.0100000e-004 -1.0370103e-003
  7.6942090e+000  1.9500000e-004 -8.1647531e-004
  7.7002540e+000  2.1500000e-003  7.3181070e-004
  7.7062980e+000  6.6700000e-004  2.8306152e-003
  7.7123430e+000 -7.7800000e-004  4.3663169e-003
  7.7183880e+000 -3.6840000e-003  3.8743951e-003
  7.7244330e+000 -5.1290000e-003  1.0680967e-003
  7.7304770e+000 -1.0130000e-003  3.1847942e-004
  7.7365220e+000  0.0000000e+000  0.0000000e+000
  7.7425670e+000  0.0000000e+000  0.0000000e+000
  7.7486120e+000  0.0000000e+000  0.0000000e+000
  7.7546570e+000  0.0000000e+000  0.0000000e+000
  7.7607010e+000  0.0000000e+000  0.0000000e+000
  7.7667460e+000  0.0000000e+000  0.0000000e+000
  7.7727910e+000  0.0000000e+000  0.0000000e+000
  7.7788360e+000  0.0000000e+000  0.0000000e+000
  7.7848800e+000  0.0000000e+000  0.0000000e+000
  7.7909250e+000  0.0000000e+000  0.0000000e+000
  7.7969700e+000  0.0000000e+000  0.0000000e+000
  7.8030150e+000  0.0000000e+000  0.0000000e+000
  7.8090600e+000  0.0000000e+000  0.0000000e+000
  7.8151040e+000  0.0000000e+000  0.0000000e+000
  7.8211490e+000  0.0000000e+000  0.0000000e+000
  7.8271940e+000  0.0000000e+000  0.0000000e+000
  7.8332390e+000  0.0000000e+000  0.0000000e+000
  7.8392830e+000  0.0000000e+000  0.0000000e+000
  7.8453280e+000  0.0000000e+000  0.0000000e+000
  7.8513730e+000  0.0000000e+000  0.0000000e+000
  7.8574180e+000  0.0000000e+000  0.0000000e+000
  7.8634630e+000  0.0000000e+000  0.0000000e+000
  7.8695070e+000  0.0000000e+000  0.0000000e+000
  7.8755520e+000  0.0000000e+000  0.0000000e+000
  7.8815970e+000  0.0000000e+000  0.0000000e+000
  7.8876420e+000  0.0000000e+000  0.0000000e+000
  7.8936860e+000  0.0000000e+000  0.0000000e+000
  7.8997310e+000  0.0000000e+000  0.0000000e+000
  7.9057760e+000  0.0000000e+000  0.0000000e+000
  7.9118210e+000  0.0000000e+000  0.0000000e+000
  7.9178650e+000  0.0000000e+000  0.0000000e+000
  7.9239100e+000  0.0000000e+000  0.0000000e+000
  7.9299550e+000  0.0000000e+000  0.0000000e+000
  7.9360000e+000  0.0000000e+000  0.0000000e+000
  7.9420450e+000  0.0000000e+000  0.0000000e+000
  7.9480890e+000  0.0000000e+000  0.0000000e+000
  7.9541340e+000  0.0000000e+000  0.0000000e+000
  7.9601790e+000  0.0000000e+000  0.0000000e+000
  7.9662240e+000  0.0000000e+000  0.0000000e+000
  7.9722680e+000  0.0000000e+000  0.0000000e+000
  7.9783130e+000  0.0000000e+000  0.0000000e+000
  7.9843580e+000  0.0000000e+000  0.0000000e+000
  7.9904030e+000  0.0000000e+000  0.0000000e+000
  7.9964480e+000  0.0000000e+000  0.0000000e+000
  8.0024920e+000  0.0000000e+000  0.0000000e+000
  8.0085370e+000  0.0000000e+000  0.0000000e+000
  8.0145820e+000  0.0000000e+000  0.0000000e+000
  8.0206270e+000  0.0000000e+000  0.0000000e+000
  8.0266710e+000  0.0000000e+000  0.0000000e+000
  8.0327160e+000  0.0000000e+000  0.0000000e+000
  8.0387610e+000  0.0000000e+000  0.0000000e+000
  8.0448060e+000  0.0000000e+000  0.0000000e+000
  8.0508510e+000  0.0000000e+000  0.0000000e+000
  8.0568950e+000  0.0000000e+000  0.0000000e+000
  8.0629400e+000  0.0000000e+000  0.0000000e+000
  8.0689850e+000  0.0000000e+000  0.0000000e+000
  8.0750300e+000  0.0000000e+000  0.0000000e+000
  8.0810740e+000  0.0000000e+000  0.0000000e+000
  8.0871190e+000  0.0000000e+000  0.0000000e+000
  8.0931640e+000  0.0000000e+000  0.0000000e+000
  8.0992090e+000  0.0000000e+000  0.0000000e+000
  8.1052540e+000  0.0000000e+000  0.0000000e+000
  8.1112980e+000  0.0000000e+000  0.0000000e+000
  8.1173430e+000  0.0000000e+000  0.0000000e+000
  8.1233880e+000  0.0000000e+000  0.0000000e+000
  8.1294330e+000  0.0000000e+000  0.0000000e+000
  8.1354770e+000  0.0000000e+000  0.0000000e+000
  8.1415220e+000  0.0000000e+000  0.0000000e+000
  8.1475670e+000  0.0000000e+000  0.0000000e+000
  8.1536120e+000  0.0000000e+000  0.0000000e+000
  8.1596570e+000  0.0000000e+000  0.0000000e+000
  8.1657010e+000  0.0000000e+000  0.0000000e+000
  8.1717460e+000  0.0000000e+000  0.0000000e+000
  8.1777910e+000  0.0000000e+000  0.0000000e+000
  8.1838360e+000  0.0000000e+000  0.0000000e+000
  8.1898800e+000  0.0000000e+000  0.0000000e+000
  8.1959250e+000  0.0000000e+000  0.0000000e+000
  8.2019700e+000  0.0000000e+000  0.0000000e+000
  8.2080150e+000  0.0000000e+000  0.0000000e+000
  8.2140600e+000  0.0000000e+000  0.0000000e+000
  8.2201040e+000  0.0000000e+000  0.0000000e+000
  8.2261490e+000  0.0000000e+000  0.0000000e+000
  8.2321940e+000  0.0000000e+000  0.0000000e+000
  8.2382390e+000  0.0000000e+000  0.0000000e+000
  8.2442830e+000  0.0000000e+000  0.0000000e+000
  8.2503280e+000  0.0000000e+000  0.0000000e+000
  8.2563730e+000  0.0000000e+000  0.0000000e+000
  8.2624180e+000  0.0000000e+000  0.0000000e+000
  8.2684630e+000  0.0000000e+000  0.0000000e+000
  8.2745070e+000  0.0000000e+000  0.0000000e+000
  8.2805520e+000  0.0000000e+000  0.0000000e+000
  8.2865970e+000  0.0000000e+000  0.0000000e+000
  8.2926420e+000  0.0000000e+000  0.0000000e+000
  8.2986860e+000  0.0000000e+000  0.0000000e+000
  8.3047310e+000  0.0000000e+000  0.0000000e+000
  8.3107760e+000  0.0000000e+000  0.0000000e+000
  8.3168210e+000  0.0000000e+000  0.0000000e+000
  8.3228660e+000  0.0000000e+000  0.0000000e+000
  8.3289100e+000  0.0000000e+000  0.0000000e+000
  8.3349550e+000  0.0000000e+000  0.0000000e+000
  8.3410000e+000  0.0000000e+000  0.0000000e+000
  8.3470450e+000  0.0000000e+000  0.0000000e+000
  8.3530890e+000  0.0000000e+000  0.0000000e+000
  8.3591340e+000  0.0000000e+000  0.0000000e+000
  8.3651790e+000  0.0000000e+000  0.0000000e+000
  8.3712240e+000  0.0000000e+000  0.0000000e+000
  8.3772690e+000  0.0000000e+000  0.0000000e+000
  8.3833130e+000  0.0000000e+000  0.0000000e+000
  8.3893580e+000  0.0000000e+000  0.0000000e+000
  8.3954030e+000  0.0000000e+000  0.0000000e+000
  8.4014480e+000  0.0000000e+000  0.0000000e+000
  8.4074920e+000  0.0000000e+000  0.0000000e+000
  8.4135370e+000  0.0000000e+000  0.0000000e+000
  8.4195820e+000  0.0000000e+000  0.0000000e+000
  8.4256270e+000  0.0000000e+000  0.0000000e+000
  8.4316720e+000  0.0000000e+000  0.0000000e+000
  8.4377160e+000  0.0000000e+000  0.0000000e+000
  8.4437610e+000  0.0000000e+000  0.0000000e+000
  8.4498060e+000  0.0000000e+000  0.0000000e+000
  8.4558510e+000  0.0000000e+000  0.0000000e+000
  8.4618950e+000  0.0000000e+000  0.0000000e+000
  8.4679400e+000  0.0000000e+000  0.0000000e+000
  8.4739850e+000  0.0000000e+000  0.0000000e+000
  8.4800300e+000  0.0000000e+000  0.0000000e+000
  8.4860750e+000  0.0000000e+000  0.0000000e+000
  8.4921190e+000  0.0000000e+000  0.0000000e+000
  8.4981640e+000  0.0000000e+000  0.0000000e+000
