# Q / Ang^(-1)		D_S/D_T			D_S/D_rho
  5.2530000e-003  0.0000000e+000  0.0000000e+000
  1.1297000e-002  0.0000000e+000  0.0000000e+000
  1.7342000e-002  0.0000000e+000  0.0000000e+000
  2.3387000e-002  0.0000000e+000  0.0000000e+000
  2.9432000e-002  0.0000000e+000  0.0000000e+000
  3.5477000e-002  0.0000000e+000  0.0000000e+000
  4.1521000e-002  0.0000000e+000  0.0000000e+000
  4.7566000e-002  0.0000000e+000  0.0000000e+000
  5.3611000e-002  0.0000000e+000  0.0000000e+000
  5.9656000e-002  0.0000000e+000  0.0000000e+000
  6.5700000e-002  0.0000000e+000  0.0000000e+000
  7.1745000e-002  0.0000000e+000  0.0000000e+000
  7.7790000e-002  0.0000000e+000  0.0000000e+000
  8.3835000e-002  0.0000000e+000  0.0000000e+000
  8.9880000e-002  0.0000000e+000  0.0000000e+000
  9.5924000e-002  0.0000000e+000  0.0000000e+000
  1.0196900e-001  0.0000000e+000  0.0000000e+000
  1.0801400e-001  0.0000000e+000  0.0000000e+000
  1.1405900e-001  0.0000000e+000  0.0000000e+000
  1.2010300e-001  0.0000000e+000  0.0000000e+000
  1.2614800e-001  0.0000000e+000  0.0000000e+000
  1.3219300e-001  0.0000000e+000  0.0000000e+000
  1.3823800e-001  0.0000000e+000  0.0000000e+000
  1.4428300e-001  0.0000000e+000  0.0000000e+000
  1.5032700e-001  0.0000000e+000  0.0000000e+000
  1.5637200e-001  0.0000000e+000  0.0000000e+000
  1.6241700e-001  0.0000000e+000  0.0000000e+000
  1.6846200e-001  0.0000000e+000  0.0000000e+000
  1.7450600e-001  0.0000000e+000  0.0000000e+000
  1.8055100e-001  0.0000000e+000  0.0000000e+000
  1.8659600e-001  0.0000000e+000  0.0000000e+000
  1.9264100e-001  0.0000000e+000  0.0000000e+000
  1.9868500e-001  0.0000000e+000  0.0000000e+000
  2.0473000e-001  0.0000000e+000  0.0000000e+000
  2.1077500e-001  0.0000000e+000  0.0000000e+000
  2.1682000e-001  0.0000000e+000  0.0000000e+000
  2.2286500e-001  0.0000000e+000  0.0000000e+000
  2.2890900e-001  0.0000000e+000  0.0000000e+000
  2.3495400e-001  0.0000000e+000  0.0000000e+000
  2.4099900e-001  0.0000000e+000  0.0000000e+000
  2.4704400e-001  0.0000000e+000  0.0000000e+000
  2.5308800e-001  0.0000000e+000  0.0000000e+000
  2.5913300e-001  0.0000000e+000  0.0000000e+000
  2.6517800e-001  0.0000000e+000  0.0000000e+000
  2.7122300e-001  0.0000000e+000  0.0000000e+000
  2.7726800e-001  0.0000000e+000  0.0000000e+000
  2.8331200e-001  0.0000000e+000  0.0000000e+000
  2.8935700e-001  0.0000000e+000  0.0000000e+000
  2.9540200e-001  0.0000000e+000  0.0000000e+000
  3.0144700e-001  0.0000000e+000  0.0000000e+000
  3.0749100e-001  0.0000000e+000  0.0000000e+000
  3.1353600e-001  0.0000000e+000  0.0000000e+000
  3.1958100e-001  0.0000000e+000  0.0000000e+000
  3.2562600e-001  0.0000000e+000  0.0000000e+000
  3.3167100e-001  0.0000000e+000  0.0000000e+000
  3.3771500e-001  0.0000000e+000  0.0000000e+000
  3.4376000e-001  0.0000000e+000  0.0000000e+000
  3.4980500e-001  0.0000000e+000  0.0000000e+000
  3.5585000e-001  0.0000000e+000  0.0000000e+000
  3.6189400e-001  0.0000000e+000  0.0000000e+000
  3.6793900e-001  3.2170000e-003  2.2397509e-001
  3.7398400e-001 -7.6840000e-003  2.2939119e-001
  3.8002900e-001 -1.9070000e-003  2.3212566e-001
  3.8607400e-001 -4.2030000e-003  2.3289676e-001
  3.9211800e-001 -5.1250000e-003  2.2920340e-001
  3.9816300e-001  5.1030000e-003  2.2067089e-001
  4.0420800e-001 -5.8330000e-003  2.3043610e-001
  4.1025300e-001 -6.1520000e-003  2.2666034e-001
  4.1629700e-001 -8.2040000e-003  2.2449756e-001
  4.2234200e-001 -8.2300000e-003  2.2686318e-001
  4.2838700e-001 -3.6200000e-003  2.2298700e-001
  4.3443200e-001 -5.5190000e-003  2.1961601e-001
  4.4047700e-001 -3.6320000e-003  2.2184898e-001
  4.4652100e-001 -7.2920000e-003  2.2449024e-001
  4.5256600e-001 -8.3020000e-003  2.2622505e-001
  4.5861100e-001 -1.2814000e-002  2.2714174e-001
  4.6465600e-001 -1.1091000e-002  2.2524208e-001
  4.7070000e-001 -1.0700000e-002  2.2768497e-001
  4.7674500e-001 -9.0320000e-003  2.3139204e-001
  4.8279000e-001 -1.2390000e-003  2.2946822e-001
  4.8883500e-001 -1.1870000e-003  2.3275298e-001
  4.9488000e-001  3.5900000e-003  2.3108094e-001
  5.0092400e-001  1.9180000e-003  2.3583220e-001
  5.0696900e-001  2.5000000e-003  2.3332927e-001
  5.1301400e-001  2.3180000e-003  2.3749860e-001
  5.1905900e-001 -5.3960000e-003  2.3827273e-001
  5.2510300e-001 -6.9300000e-003  2.3881524e-001
  5.3114800e-001 -5.6340000e-003  2.3808863e-001
  5.3719300e-001 -2.4510000e-003  2.3328699e-001
  5.4323800e-001  4.4000000e-004  2.3308714e-001
  5.4928300e-001  4.9600000e-004  2.3564058e-001
  5.5532700e-001  6.1000000e-003  2.3654690e-001
  5.6137200e-001  1.1469000e-002  2.3975461e-001
  5.6741700e-001  8.4710000e-003  2.3730243e-001
  5.7346200e-001  1.3595000e-002  2.4175086e-001
  5.7950600e-001  1.2307000e-002  2.3917382e-001
  5.8555100e-001  1.2975000e-002  2.3918538e-001
  5.9159600e-001  9.9730000e-003  2.3992853e-001
  5.9764100e-001  1.4951000e-002  2.3982036e-001
  6.0368600e-001  1.9419000e-002  2.4248925e-001
  6.0973000e-001  1.4698000e-002  2.4580372e-001
  6.1577500e-001  1.6888000e-002  2.4455375e-001
  6.2182000e-001  1.3890000e-002  2.4250857e-001
  6.2786500e-001  1.7784000e-002  2.3226074e-001
  6.3390900e-001  1.8892000e-002  2.3239744e-001
  6.3995400e-001  1.9608000e-002  2.3178210e-001
  6.4599900e-001  2.0724000e-002  2.3267515e-001
  6.5204400e-001  1.7990000e-002  2.3788245e-001
  6.5808900e-001  1.5612000e-002  2.3599574e-001
  6.6413300e-001  1.7344000e-002  2.3363359e-001
  6.7017800e-001  1.4149000e-002  2.3331821e-001
  6.7622300e-001  1.7341000e-002  2.3084209e-001
  6.8226800e-001  1.6195000e-002  2.3377798e-001
  6.8831200e-001  1.7546000e-002  2.3251863e-001
  6.9435700e-001  1.5937000e-002  2.3808650e-001
  7.0040200e-001  1.7782000e-002  2.3724140e-001
  7.0644700e-001  2.1399000e-002  2.3283989e-001
  7.1249200e-001  1.6328000e-002  2.3423139e-001
  7.1853600e-001  1.3346000e-002  2.2927390e-001
  7.2458100e-001  1.0113000e-002  2.3308312e-001
  7.3062600e-001  1.1384000e-002  2.3122629e-001
  7.3667100e-001  1.2244000e-002  2.3141521e-001
  7.4271500e-001  1.9113000e-002  2.3415268e-001
  7.4876000e-001  1.9781000e-002  2.3391525e-001
  7.5480500e-001  2.0202000e-002  2.3943419e-001
  7.6085000e-001  2.1110000e-002  2.3276019e-001
  7.6689500e-001  1.7002000e-002  2.3859796e-001
  7.7293900e-001  2.1276000e-002  2.3334617e-001
  7.7898400e-001  1.8187000e-002  2.4034265e-001
  7.8502900e-001  2.2352000e-002  2.3733648e-001
  7.9107400e-001  2.2705000e-002  2.3964796e-001
  7.9711800e-001  2.7375000e-002  2.3428489e-001
  8.0316300e-001  2.5702000e-002  2.3001898e-001
  8.0920800e-001  2.6566000e-002  2.3063157e-001
  8.1525300e-001  1.8468000e-002  2.3160900e-001
  8.2129800e-001  1.8119000e-002  2.3205219e-001
  8.2734200e-001  1.7040000e-002  2.3549437e-001
  8.3338700e-001  1.6087000e-002  2.3370178e-001
  8.3943200e-001  1.8218000e-002  2.3291387e-001
  8.4547700e-001  1.8908000e-002  2.2868714e-001
  8.5152100e-001  2.0098000e-002  2.3169066e-001
  8.5756600e-001  1.5647000e-002  2.2837864e-001
  8.6361100e-001  1.9306000e-002  2.2829521e-001
  8.6965600e-001  1.3217000e-002  2.2499116e-001
  8.7570100e-001  1.1077000e-002  2.2666856e-001
  8.8174500e-001  9.1420000e-003  2.2256750e-001
  8.8779000e-001  7.3580000e-003  2.2119588e-001
  8.9383500e-001  4.9580000e-003  2.2157546e-001
  8.9988000e-001  5.2140000e-003  2.1831760e-001
  9.0592400e-001  4.4080000e-003  2.1798278e-001
  9.1196900e-001 -1.0750000e-003  2.1767985e-001
  9.1801400e-001  4.1960000e-003  2.1064606e-001
  9.2405900e-001  1.6140000e-003  2.1290697e-001
  9.3010300e-001  5.9130000e-003  2.0489738e-001
  9.3614800e-001 -8.4000000e-004  2.0918945e-001
  9.4219300e-001  6.7610000e-003  2.0128028e-001
  9.4823800e-001  3.8420000e-003  2.0702941e-001
  9.5428300e-001  5.0980000e-003  2.0225205e-001
  9.6032700e-001  7.4800000e-004  2.0082504e-001
  9.6637200e-001 -2.8900000e-004  1.9716130e-001
  9.7241700e-001 -9.6500000e-004  1.9631539e-001
  9.7846200e-001 -2.3200000e-003  1.9379806e-001
  9.8450600e-001 -5.0400000e-003  1.9226972e-001
  9.9055100e-001 -6.3340000e-003  1.8998767e-001
  9.9659600e-001 -3.2960000e-003  1.8563060e-001
  1.0026410e+000 -1.0901000e-002  1.8208310e-001
  1.0086860e+000 -9.6160000e-003  1.8198163e-001
  1.0147300e+000 -1.3937000e-002  1.7917751e-001
  1.0207750e+000 -1.4317000e-002  1.7770548e-001
  1.0268200e+000 -1.7272000e-002  1.7495054e-001
  1.0328650e+000 -1.3310000e-002  1.7008417e-001
  1.0389090e+000 -1.7605000e-002  1.6906143e-001
  1.0449540e+000 -1.9205000e-002  1.6604881e-001
  1.0509990e+000 -2.2843000e-002  1.6520478e-001
  1.0570440e+000 -1.8118000e-002  1.6373498e-001
  1.0630890e+000 -2.3021000e-002  1.5898379e-001
  1.0691330e+000 -2.3718000e-002  1.6009634e-001
  1.0751780e+000 -2.5880000e-002  1.6026503e-001
  1.0812230e+000 -2.8875000e-002  1.5536935e-001
  1.0872680e+000 -2.7116000e-002  1.5548475e-001
  1.0933120e+000 -2.5947000e-002  1.4610174e-001
  1.0993570e+000 -2.4097000e-002  1.4560047e-001
  1.1054020e+000 -2.7596000e-002  1.4257887e-001
  1.1114470e+000 -2.4933000e-002  1.4158160e-001
  1.1174920e+000 -2.6976000e-002  1.3881734e-001
  1.1235360e+000 -2.5384000e-002  1.4065061e-001
  1.1295810e+000 -2.7514000e-002  1.3695268e-001
  1.1356260e+000 -3.2044000e-002  1.4020135e-001
  1.1416710e+000 -3.1951000e-002  1.3555702e-001
  1.1477150e+000 -3.1096000e-002  1.3250009e-001
  1.1537600e+000 -3.4859000e-002  1.2980800e-001
  1.1598050e+000 -2.7390000e-002  1.2519758e-001
  1.1658500e+000 -3.2107000e-002  1.3004473e-001
  1.1718950e+000 -3.0214000e-002  1.2583771e-001
  1.1779390e+000 -3.3498000e-002  1.2851534e-001
  1.1839840e+000 -3.4678000e-002  1.2913050e-001
  1.1900290e+000 -3.2980000e-002  1.2864462e-001
  1.1960740e+000 -3.5709000e-002  1.2601177e-001
  1.2021180e+000 -3.4846000e-002  1.2481819e-001
  1.2081630e+000 -3.6298000e-002  1.2275151e-001
  1.2142080e+000 -4.1912000e-002  1.2194851e-001
  1.2202530e+000 -3.6961000e-002  1.1957979e-001
  1.2262980e+000 -4.0209000e-002  1.2179448e-001
  1.2323420e+000 -4.1194000e-002  1.2289550e-001
  1.2383870e+000 -4.0347000e-002  1.2298923e-001
  1.2444320e+000 -4.0596000e-002  1.2382627e-001
  1.2504770e+000 -3.5039000e-002  1.2072767e-001
  1.2565210e+000 -3.4223000e-002  1.2117017e-001
  1.2625660e+000 -3.1399000e-002  1.1883503e-001
  1.2686110e+000 -2.9634000e-002  1.1871645e-001
  1.2746560e+000 -2.7508000e-002  1.1810370e-001
  1.2807010e+000 -2.8407000e-002  1.1738421e-001
  1.2867450e+000 -2.5300000e-002  1.1352576e-001
  1.2927900e+000 -2.6516000e-002  1.1368985e-001
  1.2988350e+000 -2.5557000e-002  1.1216445e-001
  1.3048800e+000 -2.5377000e-002  1.1252779e-001
  1.3109240e+000 -2.7041000e-002  1.1220839e-001
  1.3169690e+000 -2.4778000e-002  1.1369372e-001
  1.3230140e+000 -2.5451000e-002  1.1335132e-001
  1.3290590e+000 -2.5998000e-002  1.1480214e-001
  1.3351040e+000 -2.4628000e-002  1.1437500e-001
  1.3411480e+000 -2.4975000e-002  1.1516053e-001
  1.3471930e+000 -2.2013000e-002  1.1722964e-001
  1.3532380e+000 -2.3701000e-002  1.1596520e-001
  1.3592830e+000 -2.2080000e-002  1.1613535e-001
  1.3653270e+000 -1.8850000e-002  1.1514563e-001
  1.3713720e+000 -1.8616000e-002  1.1287806e-001
  1.3774170e+000 -1.8853000e-002  1.1208513e-001
  1.3834620e+000 -1.9735000e-002  1.1159050e-001
  1.3895070e+000 -2.1645000e-002  1.1416166e-001
  1.3955510e+000 -2.0326000e-002  1.1328292e-001
  1.4015960e+000 -1.8900000e-002  1.1314321e-001
  1.4076410e+000 -1.7037000e-002  1.1539914e-001
  1.4136860e+000 -1.3862000e-002  1.1571715e-001
  1.4197300e+000 -1.2208000e-002  1.1495386e-001
  1.4257750e+000 -1.1495000e-002  1.1217601e-001
  1.4318200e+000 -9.3780000e-003  1.0951474e-001
  1.4378650e+000 -1.3331000e-002  1.0704763e-001
  1.4439100e+000 -1.0577000e-002  1.0819870e-001
  1.4499540e+000 -1.3993000e-002  1.0587807e-001
  1.4559990e+000 -8.4490000e-003  1.0353528e-001
  1.4620440e+000 -1.1834000e-002  1.0346988e-001
  1.4680890e+000 -1.1078000e-002  1.0221427e-001
  1.4741330e+000 -1.0637000e-002  9.8608586e-002
  1.4801780e+000 -1.1314000e-002  1.0401651e-001
  1.4862230e+000 -1.5309000e-002  1.0090232e-001
  1.4922680e+000 -1.5005000e-002  9.9521545e-002
  1.4983130e+000 -1.5567000e-002  9.7988844e-002
  1.5043570e+000 -1.6501000e-002  9.5391458e-002
  1.5104020e+000 -1.3849000e-002  9.0797340e-002
  1.5164470e+000 -1.2136000e-002  8.3945993e-002
  1.5224920e+000 -9.4940000e-003  8.2066190e-002
  1.5285360e+000 -1.3436000e-002  8.0000933e-002
  1.5345810e+000 -1.1240000e-002  8.1779976e-002
  1.5406260e+000 -1.0662000e-002  7.8054373e-002
  1.5466710e+000 -1.1156000e-002  7.5019130e-002
  1.5527160e+000 -7.4460000e-003  7.3046293e-002
  1.5587600e+000 -7.1740000e-003  6.4484127e-002
  1.5648050e+000 -7.7870000e-003  6.1965832e-002
  1.5708500e+000 -1.2569000e-002  5.8084029e-002
  1.5768950e+000 -1.6260000e-002  5.7002068e-002
  1.5829390e+000 -1.7719000e-002  5.4444216e-002
  1.5889840e+000 -1.3812000e-002  4.6746574e-002
  1.5950290e+000 -1.5237000e-002  4.4648451e-002
  1.6010740e+000 -1.2205000e-002  4.0774366e-002
  1.6071180e+000 -1.4064000e-002  3.5444110e-002
  1.6131630e+000 -1.4760000e-002  3.0530829e-002
  1.6192080e+000 -1.5844000e-002  2.3655167e-002
  1.6252530e+000 -1.2410000e-002  1.6755822e-002
  1.6312980e+000 -1.6407000e-002  8.1692974e-003
  1.6373420e+000 -1.0668000e-002 -2.6263806e-004
  1.6433870e+000 -1.3505000e-002 -7.3206939e-003
  1.6494320e+000 -1.4188000e-002 -1.3744784e-002
  1.6554770e+000 -1.7561000e-002 -1.9914160e-002
  1.6615210e+000 -1.7461000e-002 -2.7898310e-002
  1.6675660e+000 -2.1774000e-002 -3.1172082e-002
  1.6736110e+000 -1.5781000e-002 -3.6942217e-002
  1.6796560e+000 -1.8918000e-002 -4.3351825e-002
  1.6857010e+000 -1.4325000e-002 -4.8806870e-002
  1.6917450e+000 -1.7424000e-002 -5.0533075e-002
  1.6977900e+000 -1.5843000e-002 -5.9467664e-002
  1.7038350e+000 -1.5027000e-002 -6.2799162e-002
  1.7098800e+000 -1.6899000e-002 -6.6601608e-002
  1.7159240e+000 -1.6092000e-002 -6.9944623e-002
  1.7219690e+000 -1.1550000e-002 -7.4951262e-002
  1.7280140e+000 -1.0416000e-002 -7.6074174e-002
  1.7340590e+000 -6.6280000e-003 -7.9143868e-002
  1.7401040e+000 -4.1770000e-003 -8.6091856e-002
  1.7461480e+000 -6.2990000e-003 -8.6047429e-002
  1.7521930e+000 -4.4500000e-003 -9.1422858e-002
  1.7582380e+000 -1.0361000e-002 -8.9618906e-002
  1.7642830e+000 -7.7530000e-003 -9.2642439e-002
  1.7703270e+000 -4.1390000e-003 -9.4424453e-002
  1.7763720e+000 -4.1050000e-003 -9.4533723e-002
  1.7824170e+000 -6.9080000e-003 -9.5234050e-002
  1.7884620e+000 -6.0250000e-003 -9.9242258e-002
  1.7945070e+000 -5.2870000e-003 -1.0007190e-001
  1.8005510e+000 -3.8750000e-003 -9.6981967e-002
  1.8065960e+000 -3.8700000e-003 -9.8914124e-002
  1.8126410e+000 -1.9930000e-003 -9.9805835e-002
  1.8186860e+000 -4.6250000e-003 -9.8519347e-002
  1.8247300e+000  1.5010000e-003 -9.7926070e-002
  1.8307750e+000  1.3000000e-004 -9.5937094e-002
  1.8368200e+000  3.6420000e-003 -9.3556296e-002
  1.8428650e+000  9.8650000e-003 -9.4759673e-002
  1.8489100e+000  1.1527000e-002 -9.4057614e-002
  1.8549540e+000  1.1813000e-002 -9.2495421e-002
  1.8609990e+000  1.3427000e-002 -9.2532450e-002
  1.8670440e+000  1.1320000e-002 -9.0227495e-002
  1.8730890e+000  1.4438000e-002 -8.8404089e-002
  1.8791330e+000  9.7700000e-003 -8.4772682e-002
  1.8851780e+000  1.2715000e-002 -8.3924427e-002
  1.8912230e+000  1.3261000e-002 -7.7589422e-002
  1.8972680e+000  1.6662000e-002 -7.7015328e-002
  1.9033130e+000  1.6028000e-002 -7.0428162e-002
  1.9093570e+000  1.9212000e-002 -7.4548634e-002
  1.9154020e+000  1.6037000e-002 -7.1267645e-002
  1.9214470e+000  1.8559000e-002 -6.6618669e-002
  1.9274920e+000  1.9364000e-002 -6.7622021e-002
  1.9335360e+000  1.9114000e-002 -6.1993148e-002
  1.9395810e+000  1.8072000e-002 -5.8380732e-002
  1.9456260e+000  1.9300000e-002 -5.6326805e-002
  1.9516710e+000  1.7888000e-002 -5.4779738e-002
  1.9577160e+000  1.8822000e-002 -5.2679352e-002
  1.9637600e+000  2.0624000e-002 -5.4696701e-002
  1.9698050e+000  1.8573000e-002 -4.9075310e-002
  1.9758500e+000  1.9837000e-002 -4.7381317e-002
  1.9818950e+000  2.2189000e-002 -4.7883987e-002
  1.9879390e+000  2.4426000e-002 -4.5533036e-002
  1.9939840e+000  2.5254000e-002 -4.3683511e-002
  2.0000290e+000  2.5188000e-002 -3.8443633e-002
  2.0060740e+000  2.5370000e-002 -3.6626965e-002
  2.0121190e+000  2.6301000e-002 -3.2590084e-002
  2.0181630e+000  2.7937000e-002 -3.2155406e-002
  2.0242080e+000  2.6693000e-002 -3.2632029e-002
  2.0302530e+000  2.6661000e-002 -3.1542421e-002
  2.0362980e+000  2.3968000e-002 -2.8134212e-002
  2.0423420e+000  2.4625000e-002 -2.7006503e-002
  2.0483870e+000  2.4148000e-002 -2.0811881e-002
  2.0544320e+000  2.5389000e-002 -2.1227763e-002
  2.0604770e+000  2.4259000e-002 -1.7901176e-002
  2.0665220e+000  2.4681000e-002 -1.7727066e-002
  2.0725660e+000  2.4937000e-002 -1.3694928e-002
  2.0786110e+000  2.7494000e-002 -1.3964055e-002
  2.0846560e+000  2.3216000e-002 -1.2150930e-002
  2.0907010e+000  2.5824000e-002 -1.4631462e-002
  2.0967450e+000  2.2114000e-002 -1.1242625e-002
  2.1027900e+000  2.1738000e-002 -9.3359839e-003
  2.1088350e+000  1.9607000e-002 -6.8950734e-003
  2.1148800e+000  2.3216000e-002 -8.8109298e-003
  2.1209250e+000  2.6138000e-002 -8.3985508e-003
  2.1269690e+000  2.6463000e-002 -8.3917859e-003
  2.1330140e+000  2.5897000e-002 -3.6101611e-003
  2.1390590e+000  2.4543000e-002 -4.0823203e-003
  2.1451040e+000  2.3718000e-002 -1.3703390e-003
  2.1511480e+000  2.4057000e-002 -2.1782150e-003
  2.1571930e+000  2.4467000e-002 -1.8451269e-003
  2.1632380e+000  2.3688000e-002 -1.6143942e-003
  2.1692830e+000  2.1565000e-002  6.1086434e-004
  2.1753280e+000  2.2285000e-002  3.0581897e-003
  2.1813720e+000  2.0662000e-002  5.3267021e-003
  2.1874170e+000  2.0907000e-002  4.1379864e-003
  2.1934620e+000  2.3849000e-002  3.0687355e-003
  2.1995070e+000  2.3857000e-002  3.7660835e-003
  2.2055510e+000  2.5733000e-002  3.1122036e-003
  2.2115960e+000  2.6203000e-002  1.5604022e-003
  2.2176410e+000  2.1219000e-002  4.3285607e-003
  2.2236860e+000  2.4003000e-002  9.3768564e-004
  2.2297310e+000  2.2442000e-002  4.3656454e-003
  2.2357750e+000  2.1144000e-002  6.7879227e-003
  2.2418200e+000  2.3198000e-002  6.6370371e-003
  2.2478650e+000  2.2859000e-002  8.2369131e-003
  2.2539100e+000  2.2696000e-002  8.1064463e-003
  2.2599540e+000  2.3845000e-002  7.1900615e-003
  2.2659990e+000  2.3679000e-002  8.5920892e-003
  2.2720440e+000  2.2206000e-002  1.0153878e-002
  2.2780890e+000  2.2678000e-002  1.1524413e-002
  2.2841340e+000  2.2721000e-002  1.2039659e-002
  2.2901780e+000  2.2338000e-002  1.0100121e-002
  2.2962230e+000  1.9933000e-002  1.2005860e-002
  2.3022680e+000  2.0746000e-002  1.1269857e-002
  2.3083130e+000  1.6312000e-002  1.3822694e-002
  2.3143570e+000  1.8778000e-002  1.3059234e-002
  2.3204020e+000  1.8374000e-002  1.3609157e-002
  2.3264470e+000  1.8296000e-002  1.2819013e-002
  2.3324920e+000  1.8395000e-002  1.4197696e-002
  2.3385360e+000  1.6846000e-002  1.4580677e-002
  2.3445810e+000  1.7692000e-002  1.1214235e-002
  2.3506260e+000  1.7390000e-002  1.5222346e-002
  2.3566710e+000  1.5937000e-002  1.4279504e-002
  2.3627160e+000  1.7679000e-002  1.3374044e-002
  2.3687600e+000  1.7238000e-002  1.3688732e-002
  2.3748050e+000  1.5732000e-002  1.5102960e-002
  2.3808500e+000  1.4866000e-002  1.4186033e-002
  2.3868950e+000  1.5301000e-002  1.6825333e-002
  2.3929390e+000  1.4598000e-002  1.3646873e-002
  2.3989840e+000  1.5544000e-002  1.2499281e-002
  2.4050290e+000  1.4409000e-002  1.2916025e-002
  2.4110740e+000  1.2351000e-002  1.2898236e-002
  2.4171190e+000  1.1945000e-002  1.3059822e-002
  2.4231630e+000  1.0336000e-002  1.3422694e-002
  2.4292080e+000  1.1598000e-002  1.1937350e-002
  2.4352530e+000  9.7760000e-003  1.1406329e-002
  2.4412980e+000  1.2352000e-002  1.0810405e-002
  2.4473420e+000  1.2247000e-002  7.0507114e-003
  2.4533870e+000  1.2056000e-002  7.2405265e-003
  2.4594320e+000  1.1996000e-002  9.9844160e-003
  2.4654770e+000  1.1985000e-002  1.0102562e-002
  2.4715220e+000  1.0494000e-002  1.1377318e-002
  2.4775660e+000  9.2250000e-003  1.2694482e-002
  2.4836110e+000  8.9500000e-003  1.2500142e-002
  2.4896560e+000  7.1020000e-003  1.0557740e-002
  2.4957010e+000  7.5650000e-003  9.2277593e-003
  2.5017450e+000  7.5530000e-003  1.0438737e-002
  2.5077900e+000  8.9290000e-003  8.5236035e-003
  2.5138350e+000  8.6220000e-003  9.3698717e-003
  2.5198800e+000  5.5480000e-003  9.4518796e-003
  2.5259250e+000  6.8570000e-003  9.8544560e-003
  2.5319690e+000  5.7610000e-003  1.1055772e-002
  2.5380140e+000  5.3100000e-003  1.2039775e-002
  2.5440590e+000  5.8780000e-003  9.1644871e-003
  2.5501040e+000  3.0970000e-003  1.0828868e-002
  2.5561480e+000  5.4770000e-003  1.0476916e-002
  2.5621930e+000  2.5150000e-003  1.0346796e-002
  2.5682380e+000  4.1240000e-003  1.0905925e-002
  2.5742830e+000  1.9200000e-003  1.1146534e-002
  2.5803280e+000  2.4370000e-003  1.0843653e-002
  2.5863720e+000  2.5950000e-003  1.1419277e-002
  2.5924170e+000  3.3210000e-003  9.7076134e-003
  2.5984620e+000  3.9900000e-003  9.7803449e-003
  2.6045070e+000  3.1650000e-003  7.9383263e-003
  2.6105510e+000  1.6150000e-003  8.0581396e-003
  2.6165960e+000  1.0100000e-003  9.8871926e-003
  2.6226410e+000  1.9520000e-003  5.7489266e-003
  2.6286860e+000  1.9750000e-003  6.9068023e-003
  2.6347310e+000  1.3970000e-003  5.0914050e-003
  2.6407750e+000  1.7970000e-003  4.0458080e-003
  2.6468200e+000  3.9500000e-004  5.5025605e-003
  2.6528650e+000  1.3580000e-003  6.6738332e-003
  2.6589100e+000  1.6580000e-003  7.4273854e-003
  2.6649540e+000  3.6600000e-004  8.5226737e-003
  2.6709990e+000 -5.2000000e-004  8.7253761e-003
  2.6770440e+000 -2.8000000e-005  8.8042818e-003
  2.6830890e+000  7.5700000e-004  7.6425602e-003
  2.6891340e+000  8.3500000e-004  5.5747038e-003
  2.6951780e+000  1.5160000e-003  5.3004574e-003
  2.7012230e+000  5.1000000e-005  6.2395939e-003
  2.7072680e+000 -8.2700000e-004  6.2346443e-003
  2.7133130e+000 -4.1680000e-003  7.3706607e-003
  2.7193570e+000 -3.5000000e-003  7.2822237e-003
  2.7254020e+000 -5.7980000e-003  6.8479935e-003
  2.7314470e+000 -5.1360000e-003  4.4315455e-003
  2.7374920e+000 -2.9230000e-003  3.4604526e-003
  2.7435370e+000 -2.7730000e-003  3.3607287e-003
  2.7495810e+000 -3.7610000e-003  1.7122433e-003
  2.7556260e+000 -4.5180000e-003  1.5956831e-003
  2.7616710e+000 -5.0930000e-003  1.7617913e-003
  2.7677160e+000 -5.0340000e-003  1.7767332e-003
  2.7737600e+000 -5.3750000e-003  6.4127216e-004
  2.7798050e+000 -4.1690000e-003  1.4654922e-003
  2.7858500e+000 -5.9360000e-003  2.0757395e-003
  2.7918950e+000 -6.6730000e-003  3.5465494e-003
  2.7979400e+000 -7.9310000e-003  3.0265670e-003
  2.8039840e+000 -8.4110000e-003  2.3006834e-003
  2.8100290e+000 -1.0484000e-002  3.0503673e-003
  2.8160740e+000 -8.1570000e-003  2.3564843e-003
  2.8221190e+000 -9.2080000e-003  2.5233829e-003
  2.8281630e+000 -7.1900000e-003  4.0744310e-003
  2.8342080e+000 -9.0430000e-003  5.2521866e-003
  2.8402530e+000 -7.3330000e-003  4.2393345e-003
  2.8462980e+000 -9.9540000e-003  3.9506763e-003
  2.8523430e+000 -8.7430000e-003  3.4117389e-003
  2.8583870e+000 -8.9630000e-003  4.5896672e-003
  2.8644320e+000 -8.4270000e-003  2.7319873e-003
  2.8704770e+000 -7.7670000e-003  2.0092022e-003
  2.8765220e+000 -7.7850000e-003  2.6461691e-003
  2.8825660e+000 -7.5950000e-003  4.1451855e-003
  2.8886110e+000 -7.1670000e-003  3.7233067e-003
  2.8946560e+000 -9.2000000e-003  3.1727310e-003
  2.9007010e+000 -9.7490000e-003  3.1242203e-003
  2.9067460e+000 -1.0343000e-002  2.3561269e-003
  2.9127900e+000 -1.0721000e-002  3.3343104e-004
  2.9188350e+000 -1.0718000e-002 -1.0206344e-004
  2.9248800e+000 -1.0137000e-002 -6.4616058e-004
  2.9309250e+000 -8.0770000e-003 -6.4703512e-004
  2.9369690e+000 -7.8020000e-003  8.5304446e-005
  2.9430140e+000 -8.1700000e-003 -4.6970632e-004
  2.9490590e+000 -7.1130000e-003  7.2740612e-004
  2.9551040e+000 -6.0200000e-003 -2.0415180e-005
  2.9611490e+000 -6.3250000e-003  1.3381900e-003
  2.9671930e+000 -5.5920000e-003  2.2817060e-003
  2.9732380e+000 -6.9730000e-003  1.7449972e-003
  2.9792830e+000 -6.9010000e-003  1.7212971e-004
  2.9853280e+000 -8.7400000e-003  1.4124441e-004
  2.9913720e+000 -9.4590000e-003 -1.2209125e-003
  2.9974170e+000 -7.0760000e-003 -7.2359105e-005
  3.0034620e+000 -8.2510000e-003  1.6726446e-003
  3.0095070e+000 -7.7670000e-003  2.3832022e-003
  3.0155510e+000 -7.8790000e-003  2.4733294e-003
  3.0215960e+000 -7.3710000e-003  3.2329312e-003
  3.0276410e+000 -6.9840000e-003  1.9591436e-003
  3.0336860e+000 -9.0250000e-003  1.6552198e-003
  3.0397310e+000 -9.6590000e-003  2.2823860e-003
  3.0457750e+000 -9.6580000e-003  2.0565545e-003
  3.0518200e+000 -8.2020000e-003  2.4239014e-003
  3.0578650e+000 -7.0310000e-003  1.1032237e-003
  3.0639100e+000 -6.6070000e-003  8.9967091e-004
  3.0699540e+000 -5.1890000e-003  5.3161456e-004
  3.0759990e+000 -4.8430000e-003 -2.8608185e-004
  3.0820440e+000 -3.7230000e-003 -1.1073534e-003
  3.0880890e+000 -4.5090000e-003 -1.1480034e-004
  3.0941340e+000 -5.8390000e-003  2.7108468e-004
  3.1001780e+000 -7.0310000e-003  6.0622373e-004
  3.1062230e+000 -7.2360000e-003  1.3066797e-003
  3.1122680e+000 -5.5310000e-003  1.2139850e-003
  3.1183130e+000 -5.5950000e-003  1.2502005e-003
  3.1243570e+000 -4.2750000e-003  1.8806304e-003
  3.1304020e+000 -3.8230000e-003  1.3967958e-003
  3.1364470e+000 -4.1910000e-003  1.6017850e-003
  3.1424920e+000 -3.1650000e-003  7.5673747e-005
  3.1485370e+000 -3.7750000e-003 -2.1611583e-004
  3.1545810e+000 -3.3710000e-003  1.9396120e-004
  3.1606260e+000 -5.4010000e-003  1.8468910e-003
  3.1666710e+000 -6.4260000e-003  2.0461708e-003
  3.1727160e+000 -6.3510000e-003  2.4528088e-003
  3.1787600e+000 -6.1790000e-003  1.5377921e-003
  3.1848050e+000 -4.0430000e-003  7.2672416e-004
  3.1908500e+000 -3.3770000e-003 -6.9049844e-005
  3.1968950e+000 -2.9390000e-003 -4.3724356e-004
  3.2029400e+000 -2.9340000e-003  6.0598980e-005
  3.2089840e+000 -4.9800000e-003 -8.4016737e-004
  3.2150290e+000 -5.4270000e-003  5.4650977e-004
  3.2210740e+000 -5.1490000e-003 -2.2064514e-004
  3.2271190e+000 -5.1950000e-003  9.9760351e-004
  3.2331630e+000 -4.1510000e-003  3.2752535e-004
  3.2392080e+000 -5.1380000e-003  2.2212084e-003
  3.2452530e+000 -4.4210000e-003  2.0050283e-003
  3.2512980e+000 -3.1260000e-003  1.6502455e-003
  3.2573430e+000 -1.3930000e-003  1.7322690e-003
  3.2633870e+000 -3.6000000e-004  3.6733730e-004
  3.2694320e+000 -3.7100000e-004  9.9848372e-004
  3.2754770e+000 -7.5000000e-004  1.3061937e-004
  3.2815220e+000 -9.7700000e-004 -2.6663183e-004
  3.2875660e+000 -8.2800000e-004  9.3047579e-004
  3.2936110e+000 -1.1930000e-003  1.6159705e-003
  3.2996560e+000 -1.0440000e-003  2.6770782e-003
  3.3057010e+000 -1.5830000e-003  2.2362526e-003
  3.3117460e+000  3.1200000e-004  2.7535743e-003
  3.3177900e+000 -1.7820000e-003  2.7627196e-003
  3.3238350e+000 -2.2370000e-003  3.0070487e-003
  3.3298800e+000 -1.3930000e-003  3.8422690e-003
  3.3359250e+000 -1.7730000e-003  3.9462362e-003
  3.3419690e+000  3.8300000e-004  3.6795384e-003
  3.3480140e+000  1.2090000e-003  1.9837256e-003
  3.3540590e+000 -4.3200000e-004  2.6692048e-003
  3.3601040e+000  4.4200000e-004  2.2424803e-003
  3.3661490e+000 -4.9000000e-005  1.0647431e-003
  3.3721930e+000 -3.3100000e-004  1.2102240e-003
  3.3782380e+000 -1.7600000e-004  2.1443427e-003
  3.3842830e+000 -1.9820000e-003  3.2530181e-003
  3.3903280e+000 -1.4390000e-003  3.3025177e-003
  3.3963720e+000 -1.4700000e-004  2.8752294e-003
  3.4024170e+000  4.2600000e-004  1.5827842e-003
  3.4084620e+000  7.6300000e-004  1.2275712e-003
  3.4145070e+000  1.8100000e-003  1.4979986e-003
  3.4205520e+000  7.2400000e-004  1.9499994e-003
  3.4265960e+000  5.2000000e-005  2.3727624e-003
  3.4326410e+000 -3.2800000e-004  3.3767295e-003
  3.4386860e+000 -6.5900000e-004  1.2859536e-003
  3.4447310e+000 -8.6600000e-004  2.9100725e-003
  3.4507750e+000 -5.7400000e-004  2.8662767e-003
  3.4568200e+000  5.0500000e-004 -1.6090371e-004
  3.4628650e+000 -1.4700000e-004  1.9582294e-003
  3.4689100e+000 -1.7500000e-003  2.3871119e-003
  3.4749550e+000 -2.2740000e-003  2.8568139e-003
  3.4809990e+000 -3.2070000e-003  3.1135964e-003
  3.4870440e+000 -1.8990000e-003  2.8440042e-003
  3.4930890e+000 -1.7920000e-003  1.9610346e-003
  3.4991340e+000 -5.8900000e-004  2.4107491e-003
  3.5051780e+000 -1.1080000e-003  1.5442937e-003
  3.5112230e+000 -4.7500000e-004  1.6769589e-003
  3.5172680e+000 -6.5000000e-005  2.3560470e-003
  3.5233130e+000 -1.6300000e-004  2.3305333e-003
  3.5293580e+000  2.6900000e-004  2.3803285e-003
  3.5354020e+000  3.3500000e-004  1.5924500e-003
  3.5414470e+000 -9.0000000e-004  2.0063432e-003
  3.5474920e+000 -1.2910000e-003  1.7844568e-003
  3.5535370e+000 -8.6400000e-004  7.6740952e-004
  3.5595810e+000 -1.5200000e-003  1.8048686e-003
  3.5656260e+000 -5.1800000e-004  4.7971311e-004
  3.5716710e+000  7.9500000e-004 -7.7603653e-004
  3.5777160e+000  9.4300000e-004 -5.5609742e-004
  3.5837610e+000  1.2200000e-004 -8.8544208e-004
  3.5898050e+000 -3.5200000e-004  2.5568536e-004
  3.5958500e+000 -7.8000000e-005  4.0685641e-004
  3.6018950e+000  3.9000000e-005  6.9757179e-004
  3.6079400e+000  4.7300000e-004  8.1870405e-004
  3.6139840e+000 -1.1270000e-003  1.3190920e-003
  3.6200290e+000  4.1000000e-005  2.4790881e-004
  3.6260740e+000 -3.0400000e-004  1.3087737e-003
  3.6321190e+000 -1.2160000e-003  2.0520949e-003
  3.6381640e+000  6.8800000e-004  1.6859332e-003
  3.6442080e+000  2.3590000e-003  1.6135092e-003
  3.6502530e+000  2.2730000e-003 -6.6098244e-004
  3.6562980e+000  2.0160000e-003  5.0711130e-005
  3.6623430e+000  2.4230000e-003 -2.5670632e-004
  3.6683870e+000  1.7880000e-003 -1.2947086e-003
  3.6744320e+000  1.7920000e-003 -1.2550346e-003
  3.6804770e+000  3.1900000e-003 -1.3464611e-003
  3.6865220e+000  3.8720000e-003 -1.9965389e-003
  3.6925670e+000  3.7110000e-003 -8.5966865e-004
  3.6986110e+000  1.9480000e-003 -5.4574738e-004
  3.7046560e+000  2.5750000e-003 -8.9093175e-005
  3.7107010e+000  3.0230000e-003  7.2398187e-005
  3.7167460e+000  3.1490000e-003 -5.6236987e-004
  3.7227900e+000  3.3410000e-003 -9.8701643e-004
  3.7288350e+000  2.8270000e-003 -6.0662928e-004
  3.7348800e+000  1.9370000e-003 -2.4760096e-004
  3.7409250e+000  1.8210000e-003 -5.1814783e-004
  3.7469690e+000  1.1780000e-003  8.0250184e-004
  3.7530140e+000  2.0450000e-003  4.0659785e-004
  3.7590590e+000  1.3200000e-003 -7.5157009e-004
  3.7651040e+000  1.5260000e-003 -1.1158575e-003
  3.7711490e+000  1.6950000e-003 -1.8583798e-003
  3.7771930e+000  1.7390000e-003 -1.8019654e-003
  3.7832380e+000  1.3840000e-003 -8.6478561e-004
  3.7892830e+000  1.7630000e-003 -1.7889213e-003
  3.7953280e+000  2.7860000e-003 -1.0105381e-003
  3.8013720e+000  1.9220000e-003 -3.7312858e-004
  3.8074170e+000  1.9020000e-003  4.9750127e-004
  3.8134620e+000  5.6500000e-004  2.3620674e-004
  3.8195070e+000  3.8800000e-004 -1.0861909e-004
  3.8255520e+000  1.3590000e-003 -5.8799830e-004
  3.8315960e+000  8.4600000e-004 -7.1544265e-004
  3.8376410e+000 -2.5600000e-004 -4.1613792e-004
  3.8436860e+000  2.7500000e-004  4.2339564e-005
  3.8497310e+000 -5.7200000e-004 -1.6038629e-004
  3.8557750e+000 -1.9000000e-005  6.8179836e-004
  3.8618200e+000 -2.0600000e-004  6.1328745e-004
  3.8678650e+000  4.2800000e-004  7.9112121e-004
  3.8739100e+000  5.0000000e-004  1.3725375e-004
  3.8799550e+000  1.2140000e-003 -2.5243189e-004
  3.8859990e+000  1.0600000e-003 -1.5533820e-003
  3.8920440e+000  2.1110000e-003 -1.8882807e-003
  3.8980890e+000  1.0480000e-003 -9.0840413e-004
  3.9041340e+000  2.8240000e-003 -2.3011348e-003
  3.9101780e+000  2.8220000e-003 -2.2464718e-003
  3.9162230e+000  3.0170000e-003 -2.4506129e-003
  3.9222680e+000  2.3120000e-003 -2.7144106e-003
  3.9283130e+000  2.9130000e-003 -1.9331376e-003
  3.9343580e+000  2.2870000e-003 -2.0726233e-003
  3.9404020e+000  2.6370000e-003 -1.1806457e-003
  3.9464470e+000  1.6460000e-003 -1.4476366e-003
  3.9524920e+000  2.9630000e-003 -2.3647123e-003
  3.9585370e+000  2.3170000e-003 -2.3135681e-003
  3.9645810e+000  2.8510000e-003 -2.1835851e-003
  3.9706260e+000  2.8040000e-003 -2.5155050e-003
  3.9766710e+000  4.2400000e-003 -2.4715282e-003
  3.9827160e+000  3.3560000e-003 -1.7394888e-003
  3.9887610e+000  4.0260000e-003 -2.8095888e-003
  3.9948050e+000  2.4060000e-003 -1.8935709e-003
  4.0008500e+000  2.3330000e-003 -1.9718720e-003
  4.0068950e+000  3.4300000e-003 -2.1590193e-003
  4.0129400e+000  2.7770000e-003 -2.6450547e-003
  4.0189840e+000  3.1630000e-003 -2.4890108e-003
  4.0250290e+000  2.7910000e-003 -2.2056956e-003
  4.0310740e+000  2.1600000e-003 -1.3620238e-003
  4.0371190e+000  1.8840000e-003 -2.2585319e-003
  4.0431640e+000  2.7460000e-003 -3.0622784e-003
  4.0492080e+000  3.5410000e-003 -3.8083149e-003
  4.0552530e+000  3.6290000e-003 -2.2644863e-003
  4.0612980e+000  2.5210000e-003 -1.5331926e-003
  4.0673430e+000  2.3990000e-003 -6.7575050e-004
  4.0733870e+000  3.0990000e-003 -1.3057952e-003
  4.0794320e+000  2.0410000e-003 -1.2750762e-003
  4.0854770e+000  2.4200000e-003 -1.0492118e-003
  4.0915220e+000  2.8300000e-003 -1.0751238e-003
  4.0975670e+000  3.4750000e-003 -3.7143642e-004
  4.1036110e+000  4.0420000e-003  3.1110734e-004
  4.1096560e+000  2.3960000e-003  1.1327440e-003
  4.1157010e+000  2.1120000e-003  3.6488785e-004
  4.1217460e+000  1.5310000e-003 -2.1001501e-004
  4.1277900e+000  1.3030000e-003 -3.8843472e-004
  4.1338350e+000 -1.7000000e-004 -1.2164628e-004
  4.1398800e+000  8.9700000e-004 -1.2238488e-003
  4.1459250e+000  1.8230000e-003 -1.7038108e-003
  4.1519700e+000  9.8700000e-004 -2.2506831e-003
  4.1580140e+000  2.1520000e-003 -2.2993718e-003
  4.1640590e+000  2.1940000e-003 -2.1912945e-003
  4.1701040e+000  1.8280000e-003 -2.9296828e-004
  4.1761490e+000  2.8470000e-003 -7.5925913e-004
  4.1821930e+000  2.6820000e-003 -1.3806287e-004
  4.1882380e+000  2.0610000e-003 -4.1970603e-004
  4.1942830e+000  2.2860000e-003 -8.2979184e-004
  4.2003280e+000  3.7280000e-003 -5.4480402e-004
  4.2063730e+000  1.7070000e-003 -5.2357689e-005
  4.2124170e+000  3.5030000e-003 -5.6371821e-004
  4.2184620e+000  3.7030000e-003 -1.5200167e-003
  4.2245070e+000  3.4570000e-003 -1.2834696e-003
  4.2305520e+000  3.3900000e-003 -1.9057596e-003
  4.2365960e+000  8.4300000e-004 -8.3094817e-004
  4.2426410e+000  7.7100000e-004 -2.5108071e-004
  4.2486860e+000  7.5200000e-004  2.3471764e-004
  4.2547310e+000  2.1160000e-003 -8.0438120e-005
  4.2607760e+000  1.9050000e-003 -1.7993203e-005
  4.2668200e+000  3.0800000e-003  1.2100031e-003
  4.2728650e+000  3.1390000e-003  1.0294506e-004
  4.2789100e+000  2.7910000e-003  6.7530445e-004
  4.2849550e+000  2.1790000e-003  1.1541779e-003
  4.2909990e+000  2.8980000e-003 -4.5266525e-004
  4.2970440e+000  1.2270000e-003 -1.6712413e-003
  4.3030890e+000  1.7430000e-003 -6.3529142e-004
  4.3091340e+000  2.1150000e-003 -7.0160663e-004
  4.3151790e+000  2.7450000e-003 -5.1444690e-004
  4.3212230e+000  2.7480000e-003 -1.9569414e-003
  4.3272680e+000  3.8710000e-003 -3.3317074e-003
  4.3333130e+000  4.3090000e-003 -3.6349012e-003
  4.3393580e+000  4.0900000e-003 -2.4708043e-003
  4.3454020e+000  4.2970000e-003 -1.9269233e-003
  4.3514470e+000  4.0310000e-003 -5.8874625e-004
  4.3574920e+000  3.0790000e-003  5.1883461e-004
  4.3635370e+000  3.8010000e-003  3.7149703e-004
  4.3695820e+000  4.3020000e-003 -1.2680807e-003
  4.3756260e+000  4.2510000e-003 -4.1467460e-004
  4.3816710e+000  3.0440000e-003 -1.7740632e-003
  4.3877160e+000  2.4290000e-003 -1.6276953e-003
  4.3937610e+000  3.1230000e-003 -1.3077511e-003
  4.3998050e+000  3.0480000e-003 -1.3093891e-003
  4.4058500e+000  2.2810000e-003 -1.4326344e-003
  4.4118950e+000  1.0590000e-003 -4.8555055e-004
  4.4179400e+000  1.8630000e-003 -6.4807052e-004
  4.4239840e+000  2.1090000e-003 -6.1761767e-004
  4.4300290e+000  2.9300000e-003 -9.4227301e-004
  4.4360740e+000  3.4510000e-003 -1.3734806e-003
  4.4421190e+000  4.3050000e-003 -1.1315752e-003
  4.4481640e+000  2.7860000e-003  2.2246191e-004
  4.4542080e+000  3.0650000e-003 -1.3352450e-004
  4.4602530e+000  2.6030000e-003  5.3262504e-004
  4.4662980e+000  3.6320000e-003 -3.3898074e-004
  4.4723430e+000  3.4020000e-003 -7.9273747e-004
  4.4783870e+000  2.0380000e-003 -1.1758170e-004
  4.4844320e+000  2.5830000e-003 -2.7174511e-004
  4.4904770e+000  1.9800000e-003  1.1064486e-004
  4.4965220e+000  1.7690000e-003 -9.1022373e-007
  4.5025670e+000  2.2400000e-003 -8.7054319e-004
  4.5086110e+000  3.5720000e-003 -2.6120912e-003
  4.5146560e+000  2.7350000e-003 -3.2711320e-003
  4.5207010e+000  2.1330000e-003 -1.8685735e-003
  4.5267460e+000  2.4210000e-003 -3.8704333e-004
  4.5327900e+000  2.1150000e-003 -5.9760663e-004
  4.5388350e+000  2.7910000e-003 -7.1169555e-004
  4.5448800e+000  2.5750000e-003 -7.1809317e-004
  4.5509250e+000  2.5290000e-003  4.3155480e-005
  4.5569700e+000  2.0260000e-003 -6.6160379e-004
  4.5630140e+000  2.3760000e-003  3.4837383e-004
  4.5690590e+000  2.1960000e-003  1.1970425e-003
  4.5751040e+000  1.1140000e-003  1.3837174e-003
  4.5811490e+000  1.1410000e-003  5.7526706e-004
  4.5871930e+000  1.5810000e-003 -1.4658963e-004
  4.5932380e+000  2.2740000e-003 -4.0581393e-004
  4.5992830e+000  3.3200000e-003 -2.5555508e-004
  4.6053280e+000  4.8980000e-003 -5.6865024e-004
  4.6113730e+000  4.0890000e-003  2.9502719e-004
  4.6174170e+000  3.9290000e-003  2.8606599e-004
  4.6234620e+000  4.5590000e-003  2.0122572e-004
  4.6295070e+000  4.9430000e-003  1.7193260e-004
  4.6355520e+000  4.4640000e-003  2.2721750e-004
  4.6415960e+000  3.7270000e-003  3.6102747e-004
  4.6476410e+000  2.7500000e-003 -5.4760436e-004
  4.6536860e+000  2.0180000e-003  2.2204815e-004
  4.6597310e+000  2.5700000e-003 -1.1093571e-004
  4.6657760e+000  2.6220000e-003  2.1882668e-004
  4.6718200e+000  3.7050000e-003  3.1320306e-005
  4.6778650e+000  3.2070000e-003  1.7940357e-004
  4.6839100e+000  1.4520000e-003  1.3726729e-003
  4.6899550e+000  1.0730000e-003  8.2480855e-004
  4.6959990e+000  1.1780000e-003  8.5650184e-004
  4.7020440e+000  1.6430000e-003  2.1488578e-003
  4.7080890e+000  1.6140000e-003  1.6849711e-003
  4.7141340e+000  1.4070000e-003  1.1510901e-003
  4.7201790e+000  2.4120000e-003  8.4244010e-004
  4.7262230e+000  2.2570000e-003  1.3773214e-003
  4.7322680e+000  1.9080000e-003  1.2665123e-003
  4.7383130e+000  2.1950000e-003  1.4248740e-003
  4.7443580e+000  1.4840000e-003  1.6006514e-004
  4.7504020e+000  2.0010000e-003  6.8018352e-004
  4.7564470e+000  2.7580000e-003 -7.4925630e-004
  4.7624920e+000  2.8270000e-003 -1.2596293e-003
  4.7685370e+000  3.1430000e-003 -1.0203809e-003
  4.7745820e+000  2.9370000e-003 -2.1540935e-003
  4.7806260e+000  2.2730000e-003 -1.8879824e-003
  4.7866710e+000  1.2960000e-003 -4.6461427e-004
  4.7927160e+000  6.0200000e-004 -2.2255848e-004
  4.7987610e+000  2.6300000e-004 -7.2682526e-005
  4.8048050e+000  1.1840000e-003 -1.1204871e-003
  4.8108500e+000  1.0090000e-003 -2.9297593e-004
  4.8168950e+000  1.5500000e-003 -6.8381337e-004
  4.8229400e+000  1.4270000e-003 -5.8253979e-004
  4.8289850e+000  2.1080000e-003 -6.4786180e-005
  4.8350290e+000  1.5480000e-003  9.2084962e-004
  4.8410740e+000  1.4190000e-003  5.0411215e-004
  4.8471190e+000  1.5980000e-003 -5.3725007e-005
  4.8531640e+000  1.1590000e-003 -5.4869980e-004
  4.8592080e+000  2.4700000e-004 -3.3437865e-004
  4.8652530e+000  2.3800000e-004  3.1210479e-004
  4.8712980e+000  8.7100000e-004 -5.6422996e-004
  4.8773430e+000  7.9300000e-004  9.5626451e-005
  4.8833880e+000  5.5100000e-004  7.3184764e-004
  4.8894320e+000  5.8100000e-004  1.2209029e-003
  4.8954770e+000  3.7700000e-004  1.1535273e-003
  4.9015220e+000 -3.3000000e-004  7.5392523e-005
  4.9075670e+000 -1.3970000e-003 -2.4404984e-005
  4.9136110e+000 -1.0000000e-005 -3.8468508e-004
  4.9196560e+000 -6.2600000e-004  7.3551430e-004
  4.9257010e+000  5.0500000e-004  7.5809629e-004
  4.9317460e+000  6.6600000e-004 -2.0077400e-004
  4.9377910e+000  1.5400000e-003 -4.4849844e-004
  4.9438350e+000  1.9680000e-003 -7.7137723e-004
  4.9498800e+000  8.0100000e-004  5.4997451e-004
  4.9559250e+000  2.2100000e-004  2.3524016e-004
  4.9619700e+000 -3.5500000e-004  1.9317984e-004
  4.9680140e+000  3.6400000e-004  6.3233673e-004
  4.9740590e+000  1.1000000e-005 -2.2714642e-004
  4.9801040e+000 -4.9000000e-005 -2.4725687e-004
  4.9861490e+000  2.2300000e-004 -1.1294228e-003
  4.9921940e+000  1.1080000e-003 -5.7929368e-004
  4.9982380e+000  2.2170000e-003 -1.3994189e-003
  5.0042830e+000  2.8400000e-003 -1.4054387e-003
  5.0103280e+000  2.3790000e-003 -1.0031206e-003
  5.0163730e+000  1.5530000e-003 -1.0773078e-003
  5.0224170e+000  1.0390000e-003 -5.1692070e-004
  5.0284620e+000  1.2060000e-003 -2.6977995e-004
  5.0345070e+000  2.1050000e-003 -1.0032917e-003
  5.0405520e+000  7.9500000e-004 -2.9103653e-004
  5.0465970e+000  6.2200000e-004  6.3811668e-005
  5.0526410e+000  3.9800000e-004  4.5206599e-004
  5.0586860e+000  7.3900000e-004 -1.0247295e-004
  5.0647310e+000  9.0300000e-004 -9.7583772e-004
  5.0707760e+000  5.8100000e-004 -7.0109714e-004
  5.0768200e+000  9.8700000e-004 -6.5683093e-005
  5.0828650e+000  8.1000000e-005 -1.0935089e-004
  5.0889100e+000 -2.7400000e-004  5.4982894e-004
  5.0949550e+000 -3.6000000e-005  2.2933730e-005
  5.1009990e+000  5.3100000e-004  9.6477485e-005
  5.1070440e+000  1.2900000e-004  4.4173747e-004
  5.1130890e+000  6.6100000e-004  6.2383461e-005
  5.1191340e+000  1.3160000e-003 -1.2424412e-004
  5.1251790e+000  1.0100000e-003  1.9819258e-004
  5.1312230e+000  6.6300000e-004  9.9720476e-005
  5.1372680e+000  2.6400000e-004  7.6948598e-004
  5.1433130e+000  4.7600000e-004  6.8420957e-004
  5.1493580e+000 -3.9000000e-005  4.6842821e-004
  5.1554020e+000 -1.1690000e-003  1.4910147e-003
  5.1614470e+000 -2.0050000e-003  5.3614245e-004
  5.1674920e+000 -1.5850000e-003  8.2191560e-004
  5.1735370e+000 -1.1990000e-003  7.8395950e-004
  5.1795820e+000 -2.7700000e-004  2.2232342e-004
  5.1856260e+000  1.8700000e-004 -5.0748910e-004
  5.1916710e+000  8.8600000e-004 -4.7070235e-004
  5.1977160e+000  9.9100000e-004 -1.2440091e-003
  5.2037610e+000  1.9440000e-003 -1.1334214e-003
  5.2098050e+000  1.7010000e-003 -9.4336873e-004
  5.2158500e+000  7.2800000e-004 -7.2432654e-004
  5.2218950e+000  7.8000000e-004 -1.3755641e-003
  5.2279400e+000  3.3700000e-004 -1.6852130e-003
  5.2339850e+000  6.4000000e-005 -1.5522155e-003
  5.2400290e+000 -3.8500000e-004 -2.4418754e-003
  5.2460740e+000 -1.0010000e-003 -1.4736760e-003
  5.2521190e+000 -9.6600000e-004 -6.5177825e-004
  5.2581640e+000 -1.0260000e-003 -4.1188870e-004
  5.2642080e+000 -7.5900000e-004 -5.9089720e-004
  5.2702530e+000 -4.9000000e-004 -1.6075687e-003
  5.2762980e+000 -2.4200000e-004 -1.3957788e-003
  5.2823430e+000 -1.4710000e-003 -1.3488745e-003
  5.2883880e+000 -1.5720000e-003 -2.2828938e-003
  5.2944320e+000 -3.4300000e-004 -2.5267981e-003
  5.3004770e+000  3.0800000e-004 -1.4880997e-003
  5.3065220e+000  1.0700000e-003 -1.9846970e-003
  5.3125670e+000  8.1000000e-004 -2.0725089e-003
  5.3186110e+000  2.2100000e-004 -1.5927598e-003
  5.3246560e+000  8.6400000e-004 -1.5664095e-003
  5.3307010e+000 -1.4880000e-003  1.1526083e-004
  5.3367460e+000 -2.2560000e-003 -7.0015293e-004
  5.3427910e+000 -1.2220000e-003 -1.0819162e-003
  5.3488350e+000 -1.3040000e-003 -1.8773379e-004
  5.3548800e+000 -8.7700000e-004 -1.5778108e-004
  5.3609250e+000 -4.9800000e-004 -1.5891674e-004
  5.3669700e+000 -5.6900000e-004  1.8811923e-004
  5.3730140e+000 -1.2700000e-004  4.7559955e-004
  5.3790590e+000 -1.0850000e-003  2.0121694e-003
  5.3851040e+000 -1.1140000e-003  1.6682826e-003
  5.3911490e+000 -8.3900000e-004  3.1362220e-004
  5.3971940e+000 -1.6900000e-004  1.5352223e-004
  5.4032380e+000 -7.4600000e-004  1.0962934e-003
  5.4092830e+000 -7.7800000e-004  1.3290116e-004
  5.4153280e+000 -1.4540000e-003 -8.7000991e-004
  5.4213730e+000 -2.4220000e-003 -7.0412518e-004
  5.4274170e+000 -1.9830000e-003 -1.1351504e-003
  5.4334620e+000 -1.8030000e-003 -5.8181903e-004
  5.4395070e+000 -1.3500000e-003 -6.8248513e-004
  5.4455520e+000 -7.5900000e-004 -1.1548972e-003
  5.4515970e+000 -1.4700000e-003 -9.0070603e-004
  5.4576410e+000 -1.7450000e-003 -2.0730456e-003
  5.4636860e+000 -1.3280000e-003 -2.6367780e-003
  5.4697310e+000 -6.8700000e-004 -2.4277647e-003
  5.4757760e+000 -1.5930000e-003 -1.7404325e-003
  5.4818200e+000 -1.6460000e-003 -6.2936335e-004
  5.4878650e+000 -1.6510000e-003  4.7079411e-004
  5.4939100e+000 -1.5500000e-003  1.1708134e-003
  5.4999550e+000 -7.9700000e-004  7.9169952e-004
  5.5060000e+000 -1.0850000e-003  9.4816936e-004
  5.5120440e+000 -1.0260000e-003  4.4611130e-004
  5.5180890e+000 -2.6500000e-004 -8.1654489e-005
  5.5241340e+000  1.5000000e-005 -1.6204724e-003
  5.5301790e+000 -1.1040000e-003 -1.6520323e-003
  5.5362230e+000 -1.5920000e-003 -1.2842639e-003
  5.5422680e+000 -1.5860000e-003  2.2574710e-004
  5.5483130e+000 -2.4820000e-003  1.5317644e-003
  5.5543580e+000 -2.1970000e-003  7.3778901e-004
  5.5604030e+000 -3.1350000e-003 -4.9127103e-004
  5.5664470e+000 -3.4220000e-003  1.3436732e-004
  5.5724920e+000 -1.6550000e-003 -6.5087992e-004
  5.5785370e+000 -1.6110000e-003 -4.3946559e-004
  5.5845820e+000 -1.1810000e-003 -1.2080074e-003
  5.5906260e+000 -3.0100000e-004 -1.2417208e-003
  5.5966710e+000 -3.8900000e-004 -1.1155494e-003
  5.6027160e+000 -3.1300000e-004 -7.2474285e-004
  5.6087610e+000 -1.3030000e-003 -4.1156528e-004
  5.6148060e+000 -2.9160000e-003  1.1516321e-003
  5.6208500e+000 -3.7530000e-003  1.3535913e-003
  5.6268950e+000 -3.1940000e-003 -5.3212971e-005
  5.6329400e+000 -2.1200000e-003  2.8476409e-004
  5.6389850e+000 -1.4050000e-003 -2.8775304e-004
  5.6450290e+000 -1.6290000e-003 -4.8149873e-004
  5.6510740e+000 -2.2790000e-003  3.9597140e-004
  5.6571190e+000 -5.1200000e-004  3.7072416e-004
  5.6631640e+000  3.7100000e-004 -1.1148372e-004
  5.6692090e+000  3.6200000e-004 -1.3050003e-003
  5.6752530e+000  4.9000000e-005 -1.0117431e-003
  5.6812980e+000 -8.0800000e-004 -1.2191541e-003
  5.6873430e+000 -3.1000000e-004 -1.4523733e-004
  5.6933880e+000  1.1930000e-003 -1.0549705e-003
  5.6994320e+000  8.8600000e-004 -8.4870235e-004
  5.7054770e+000  1.8200000e-004 -7.9433163e-004
  5.7115220e+000 -2.9900000e-004  1.5161626e-004
  5.7175670e+000 -9.8000000e-004  8.1086265e-004
  5.7236120e+000 -1.3460000e-003  1.2218890e-004
  5.7296560e+000 -1.1420000e-003  1.6695644e-003
  5.7357010e+000 -2.2010000e-003  1.9451150e-003
  5.7417460e+000 -1.2960000e-003  9.5761427e-004
  5.7477910e+000 -8.3300000e-004  2.8963325e-004
  5.7538350e+000 -1.4400000e-003  2.6334919e-004
  5.7598800e+000 -4.1700000e-004 -7.4926763e-004
  5.7659250e+000  1.2300000e-004 -1.0622736e-003
  5.7719700e+000  1.1580000e-003 -1.4418683e-003
  5.7780150e+000  4.8600000e-004 -1.4241054e-003
  5.7840590e+000 -3.0600000e-004 -1.4295633e-003
  5.7901040e+000 -6.7000000e-005 -9.0229000e-004
  5.7961490e+000 -2.7200000e-004 -1.2388340e-003
  5.8021940e+000 -1.1350000e-003  2.8274398e-004
  5.8082380e+000 -1.2540000e-003  6.0691589e-005
  5.8142830e+000 -1.5320000e-003  5.8784650e-004
  5.8203280e+000  1.4100000e-004  6.9275956e-004
  5.8263730e+000  3.7800000e-004  1.2756958e-003
  5.8324170e+000  2.9200000e-004  1.1172042e-003
  5.8384620e+000  3.8700000e-004  5.5221240e-004
  5.8445070e+000  1.3800000e-004 -3.0874596e-004
  5.8505520e+000 -8.5100000e-004 -4.6639989e-004
  5.8565970e+000 -5.2900000e-004 -1.0481405e-003
  5.8626410e+000  3.9600000e-004 -1.0152710e-003
  5.8686860e+000  6.1000000e-004 -5.9121042e-004
  5.8747310e+000  1.0400000e-003 -2.8975219e-004
  5.8807760e+000 -5.5200000e-004  1.0169839e-003
  5.8868200e+000 -8.5300000e-004  1.8926310e-004
  5.8928650e+000 -1.5800000e-004 -1.2562419e-004
  5.8989100e+000  5.4200000e-004 -7.8366893e-004
  5.9049550e+000  9.2800000e-004  5.1237496e-004
  5.9110000e+000  4.4900000e-004  1.1896599e-003
  5.9170440e+000  6.4500000e-004  2.0268734e-004
  5.9230890e+000  1.1750000e-003 -1.0930037e-003
  5.9291340e+000  9.2300000e-004 -4.5846757e-004
  5.9351790e+000 -6.0700000e-004 -6.7028406e-004
  5.9412230e+000 -1.7370000e-003  6.5930246e-004
  5.9472680e+000 -5.5900000e-004  6.9480430e-004
  5.9533130e+000  8.3600000e-004  1.9187227e-004
  5.9593580e+000  2.0340000e-003  4.6774427e-004
  5.9654030e+000  2.3020000e-003  2.8290428e-004
  5.9714470e+000  1.9040000e-003  1.1528383e-003
  5.9774920e+000  1.6720000e-003  4.5674455e-004
  5.9835370e+000  1.9510000e-003 -1.4924186e-004
  5.9895820e+000  1.6030000e-003 -6.4788247e-004
  5.9956260e+000  9.4200000e-004 -3.0926593e-004
  6.0016710e+000  8.5500000e-004  1.5870739e-003
  6.0077160e+000  2.7400000e-004  1.4741711e-003
  6.0137610e+000  3.1000000e-005  2.2812237e-003
  6.0198060e+000  7.7500000e-004  1.9065933e-003
  6.0258500e+000  4.9900000e-004  2.5850852e-003
  6.0318950e+000  7.9900000e-004  1.8586375e-003
  6.0379400e+000 -3.1300000e-004  1.6672572e-003
  6.0439850e+000  5.4500000e-004  1.6188366e-003
  6.0500290e+000  1.7650000e-003 -7.0458425e-004
  6.0560740e+000  1.8390000e-003 -1.1611470e-004
  6.0621190e+000  2.0860000e-003  2.2115067e-003
  6.0681640e+000  1.8900000e-003  2.0334792e-003
  6.0742090e+000  1.1100000e-003  2.2420433e-003
  6.0802530e+000  1.2180000e-003  1.6962421e-003
  6.0862980e+000  1.9720000e-003  2.0512968e-003
  6.0923430e+000  2.3320000e-003  6.7695950e-004
  6.0983880e+000  2.0260000e-003 -7.6760379e-004
  6.1044320e+000  2.8700000e-003 -1.4993835e-003
  6.1104770e+000  2.4420000e-003 -5.5850467e-004
  6.1165220e+000  3.1230000e-003 -4.1475106e-004
  6.1225670e+000  2.6990000e-003  3.4080176e-004
  6.1286120e+000  1.6870000e-003  1.4642722e-003
  6.1346560e+000  1.4290000e-003  1.2547972e-003
  6.1407010e+000  2.1340000e-003  5.9859502e-004
  6.1467460e+000  2.0560000e-003  1.0344514e-003
  6.1527910e+000  2.1420000e-003  1.4589431e-003
  6.1588350e+000  2.2950000e-003  5.2172472e-004
  6.1648800e+000  1.8720000e-003 -1.7155395e-004
  6.1709250e+000  2.1010000e-003 -3.4196573e-004
  6.1769700e+000  2.2570000e-003 -1.2486786e-003
  6.1830150e+000  2.0170000e-003 -1.0341204e-003
  6.1890590e+000  2.8840000e-003 -1.2550244e-003
  6.1951040e+000  2.7740000e-003 -3.4356018e-004
  6.2011490e+000  2.5620000e-003  1.3371623e-004
  6.2071940e+000  1.8450000e-003  7.1789635e-004
  6.2132380e+000  1.4710000e-003  1.4998745e-003
  6.2192830e+000  1.7340000e-003  3.8419201e-004
  6.2253280e+000  1.8880000e-003  8.4114217e-004
  6.2313730e+000  1.5030000e-003  1.0762668e-003
  6.2374180e+000  1.3520000e-003  1.6488221e-003
  6.2434620e+000  2.6200000e-004  3.1251490e-003
  6.2495070e+000  4.5100000e-004  2.3999969e-003
  6.2555520e+000 -3.8200000e-004  1.4636301e-003
  6.2615970e+000 -8.8600000e-004  1.1667024e-003
  6.2676410e+000 -4.5900000e-004  1.6565506e-004
  6.2736860e+000  7.5500000e-004 -3.8877683e-004
  6.2797310e+000  1.8680000e-003 -5.8722798e-004
  6.2857760e+000  2.7110000e-003 -1.3441762e-003
  6.2918210e+000  2.1900000e-003 -9.6296856e-004
  6.2978650e+000  1.6810000e-003 -8.4173888e-004
  6.3039100e+000  2.5150000e-003 -8.6120363e-004
  6.3099550e+000  1.8060000e-003  5.7032455e-004
  6.3160000e+000  1.7680000e-003  6.4992127e-004
  6.3220440e+000  1.9530000e-003  7.8509516e-004
  6.3280890e+000  1.7360000e-003  6.4752903e-004
  6.3341340e+000  1.4250000e-003  1.1741232e-003
  6.3401790e+000  3.3600000e-004  2.3926185e-003
  6.3462240e+000  9.9100000e-004  1.0569909e-003
  6.3522680e+000  1.9450000e-003  5.3274710e-004
  6.3583130e+000  1.3500000e-003  1.8314851e-003
  6.3643580e+000 -2.8000000e-005  2.3982818e-003
  6.3704030e+000  1.0200000e-003  1.5768777e-003
  6.3764470e+000  1.5210000e-003  3.9329992e-004
  6.3824920e+000  2.7660000e-003  6.8009176e-004
  6.3885370e+000  2.8380000e-003 -8.0877570e-004
  6.3945820e+000  2.6350000e-003 -4.3198272e-004
  6.4006270e+000  1.8790000e-003 -2.9937440e-004
  6.4066710e+000  1.2760000e-003 -4.5498442e-004
  6.4127160e+000  1.9170000e-003 -1.4989711e-003
  6.4187610e+000  9.1200000e-004 -7.4732116e-004
  6.4248060e+000  2.5700000e-004 -3.1069357e-004
  6.4308500e+000  9.1900000e-004 -5.4214160e-004
  6.4368950e+000  1.0230000e-003 -7.3161682e-004
  6.4429400e+000 -5.7500000e-004 -4.7689182e-004
  6.4489850e+000  0.0000000e+000  4.8900000e-004
  6.4550300e+000 -2.1000000e-005  1.2884613e-003
  6.4610740e+000  6.0500000e-004  1.6439470e-003
  6.4671190e+000  1.5720000e-003  2.2108938e-003
  6.4731640e+000  2.2040000e-003  2.8313905e-003
  6.4792090e+000  2.6220000e-003  1.5198267e-003
  6.4852530e+000  2.5270000e-003  3.4881847e-004
  6.4912980e+000  3.0340000e-003  7.7925177e-004
  6.4973430e+000  3.7910000e-003  3.0981195e-004
  6.5033880e+000  3.9650000e-003  8.8913226e-004
  6.5094320e+000  2.5940000e-003  5.8910847e-004
  6.5154770e+000  2.2580000e-003  8.8648995e-004
  6.5215220e+000  2.0120000e-003  1.5080371e-003
  6.5275670e+000  1.5850000e-003  1.3580844e-003
  6.5336120e+000  1.3280000e-003  1.4567780e-003
  6.5396560e+000  1.4660000e-003  6.6103200e-004
  6.5457010e+000  3.0130000e-003 -1.2392869e-003
  6.5517460e+000  2.1390000e-003 -2.0845624e-003
  6.5577910e+000  3.2280000e-003 -2.7320578e-003
  6.5638350e+000  3.0530000e-003 -1.1615466e-003
  6.5698800e+000  3.7790000e-003 -8.6521014e-004
  6.5759250e+000  2.8430000e-003  2.4106684e-004
  6.5819700e+000  2.4220000e-003  1.3511252e-003
  6.5880150e+000  2.3020000e-003  2.1169043e-003
  6.5940590e+000  1.7340000e-003  8.4719201e-004
  6.6001040e+000  2.2910000e-003  5.4005069e-004
  6.6061490e+000  2.1850000e-003  5.1888983e-006
  6.6121940e+000  1.7070000e-003  1.0164231e-004
  6.6182380e+000  1.5350000e-003 -3.7340980e-005
  6.6242830e+000  2.4590000e-003 -6.9640045e-005
  6.6303280e+000  2.0320000e-003 -5.6959275e-004
  6.6363730e+000  9.5200000e-004  6.5441914e-004
  6.6424180e+000  1.3120000e-003  7.4108185e-004
  6.6484620e+000  1.0550000e-003  1.8277542e-004
  6.6545070e+000  1.5690000e-003 -1.5461172e-004
  6.6605520e+000  2.5540000e-003  6.7436817e-004
  6.6665970e+000  3.1370000e-003 -1.0239196e-004
  6.6726410e+000  2.8900000e-003  9.7898669e-004
  6.6786860e+000  2.8900000e-003 -1.5601331e-004
  6.6847310e+000  2.8250000e-003 -1.3779663e-003
  6.6907760e+000  1.0140000e-003  5.0386661e-004
  6.6968210e+000  1.5510000e-003  1.0403551e-003
  6.7028650e+000  2.0150000e-003  1.0735426e-003
  6.7089100e+000  1.9760000e-003 -2.0502917e-004
  6.7149550e+000  1.7700000e-003 -3.1574172e-004
  6.7210000e+000  1.8340000e-003  6.8004276e-004
  6.7270440e+000  2.5630000e-003  1.4738847e-003
  6.7330890e+000  2.3010000e-003  9.5973577e-004
  6.7391340e+000  6.0700000e-004 -5.8971594e-004
  6.7451790e+000 -1.1680000e-003 -1.4081677e-004
  6.7512240e+000 -4.8700000e-004  9.9693685e-004
  6.7572680e+000  8.3300000e-004  2.2073668e-003
  6.7633130e+000  2.5750000e-003  2.8990683e-004
  6.7693580e+000  2.6920000e-003 -3.9937780e-004
  6.7754030e+000  2.2320000e-003 -8.3689125e-004
  6.7814470e+000  3.3880000e-003 -1.8230966e-003
  6.7874920e+000  2.5880000e-003 -2.3669026e-003
  6.7935370e+000  1.6210000e-003 -1.9568493e-003
  6.7995820e+000  2.2160000e-003 -9.2758737e-004
  6.8056270e+000  1.1870000e-003 -3.3898159e-004
  6.8116710e+000  2.2330000e-003 -1.2267227e-003
  6.8177160e+000  3.1780000e-003 -3.8548315e-004
  6.8237610e+000  2.4170000e-003 -1.6471736e-004
  6.8298060e+000  2.0060000e-003  3.7302605e-004
  6.8358500e+000  2.1170000e-003  1.1373039e-004
  6.8418950e+000  3.4170000e-003 -2.2520986e-004
  6.8479400e+000  2.3440000e-003  1.1589816e-003
  6.8539850e+000  6.2900000e-004  1.5239912e-003
  6.8600300e+000  6.1600000e-004  1.3518006e-003
  6.8660740e+000  1.1000000e-003  9.9435826e-004
  6.8721190e+000  2.0100000e-003  5.9170008e-004
  6.8781640e+000  2.0900000e-003  3.1318069e-004
  6.8842090e+000  1.3610000e-003  3.8833871e-004
  6.8902530e+000  7.7600000e-004  8.5976182e-004
  6.8962980e+000 -2.4700000e-004 -2.0162135e-004
  6.9023430e+000  3.4600000e-004 -4.6969640e-004
  6.9083880e+000 -1.0040000e-003  6.9581847e-004
  6.9144330e+000  7.3800000e-004 -6.8964146e-004
  6.9204770e+000  1.2980000e-003 -8.8327726e-004
  6.9265220e+000  1.9200000e-003 -3.1446559e-004
  6.9325670e+000  1.0850000e-003  2.1983064e-004
  6.9386120e+000  8.0100000e-004 -1.1025489e-005
  6.9446560e+000  2.7900000e-004  4.9901359e-004
  6.9507010e+000 -3.6800000e-004  1.5879892e-003
  6.9567460e+000  1.0420000e-003  1.5865848e-003
  6.9627910e+000  2.0270000e-003  2.4856471e-004
  6.9688360e+000  1.6960000e-003  5.1788728e-005
  6.9748800e+000  2.5530000e-003 -1.9480034e-004
  6.9809250e+000  2.4900000e-003 -3.3341631e-004
  6.9869700e+000  1.8700000e-004  3.4510903e-005
  6.9930150e+000 -1.3250000e-003  1.0977276e-003
  6.9990590e+000 -7.4200000e-004  1.0096743e-004
  7.0051040e+000 -7.7000000e-005 -5.9750779e-006
  7.0111490e+000  7.5300000e-004  1.1488862e-003
  7.0171940e+000  1.6710000e-003  1.6505760e-003
  7.0232390e+000  7.5200000e-004  2.2737176e-003
  7.0292830e+000  1.2380000e-003  3.1161229e-004
  7.0353280e+000  1.9340000e-003 -3.6710649e-004
  7.0413730e+000  1.2440000e-003  5.5062334e-004
  7.0474180e+000  1.5000000e-004  1.2682761e-003
  7.0534620e+000 -5.9200000e-004  1.9172436e-003
  7.0595070e+000  1.4700000e-004 -1.5122940e-004
  7.0655520e+000  6.1400000e-004 -3.7753639e-004
  7.0715970e+000  1.3600000e-004  1.3091702e-004
  7.0776420e+000 -9.5500000e-004  3.3607533e-004
  7.0836860e+000 -1.7250000e-003  1.0633246e-003
  7.0897310e+000 -5.3100000e-004  2.0352251e-004
  7.0957760e+000  2.8700000e-004  1.3361654e-005
  7.1018210e+000  6.6000000e-004  3.4214953e-005
  7.1078650e+000  7.4000000e-005 -1.1705304e-003
  7.1139100e+000  9.1400000e-004 -1.7989841e-003
  7.1199550e+000  3.4200000e-004  2.7362957e-004
  7.1260000e+000 -1.2100000e-003  1.7741059e-003
  7.1320450e+000  8.0000000e-005  1.1934806e-003
  7.1380890e+000  8.8000000e-005  6.3282866e-004
  7.1441340e+000  6.7000000e-005  1.7029000e-004
  7.1501790e+000  6.0100000e-004 -1.0967270e-003
  7.1562240e+000  3.8900000e-004 -1.0104506e-003
  7.1622680e+000  9.5000000e-005 -6.4899179e-004
  7.1683130e+000 -8.2700000e-004  1.4436443e-003
  7.1743580e+000  6.6000000e-005 -7.1387850e-004
  7.1804030e+000  1.3650000e-003 -1.5389873e-003
  7.1864480e+000  1.3850000e-003 -1.0636171e-003
  7.1924920e+000  1.1200000e-003 -1.8427159e-004
  7.1985370e+000  9.0800000e-004 -3.4499519e-004
  7.2045820e+000  4.9200000e-004 -1.1509431e-004
  7.2106270e+000  6.3700000e-004 -4.1466072e-004
  7.2166710e+000  1.2900000e-004 -1.5972625e-003
  7.2227160e+000 -7.5700000e-004 -1.6395602e-003
  7.2287610e+000 -4.5700000e-004 -1.0750079e-003
  7.2348060e+000 -8.8400000e-004 -2.4896063e-004
  7.2408500e+000 -1.0730000e-003  1.2861914e-003
  7.2468950e+000 -2.8700000e-004  5.6563835e-004
  7.2529400e+000  1.4930000e-003 -6.4341830e-004
  7.2589850e+000 -1.0000000e-004  1.1414925e-004
  7.2650300e+000 -1.1400000e-004  1.1079014e-004
  7.2710740e+000 -6.6200000e-004  4.4044803e-004
  7.2771190e+000 -6.0000000e-004  2.3489550e-004
  7.2831640e+000 -7.3600000e-004  6.9497848e-004
  7.2892090e+000  3.6000000e-004 -3.4337298e-005
  7.2952530e+000  4.8000000e-005 -3.4991164e-004
  7.3012980e+000 -4.0000000e-005  3.0825970e-004
  7.3073430e+000  1.6060000e-003 -3.4637695e-004
  7.3133880e+000  1.3230000e-003 -1.0040646e-003
  7.3194330e+000  7.7000000e-004 -7.5424922e-004
  7.3254770e+000  2.3000000e-005 -1.1451243e-003
  7.3315220e+000 -7.9000000e-004 -5.4120929e-005
  7.3375670e+000 -1.7870000e-003 -2.0412291e-004
  7.3436120e+000 -1.3810000e-003 -6.6470886e-004
  7.3496560e+000 -5.9000000e-004 -1.1554194e-003
  7.3557010e+000 -2.1400000e-004 -2.5510606e-003
  7.3617460e+000  1.3880000e-003 -3.1151116e-003
  7.3677910e+000  2.2900000e-004 -2.6684118e-003
  7.3738360e+000 -2.2700000e-004 -1.9052512e-003
  7.3798800e+000  2.6300000e-004 -1.5696825e-003
  7.3859250e+000  1.1850000e-003 -1.3983186e-003
  7.3919700e+000 -6.6700000e-004 -1.3473945e-003
  7.3980150e+000 -1.1510000e-003 -6.5695214e-004
  7.4040590e+000 -2.8600000e-004  1.9980685e-004
  7.4101040e+000  8.9400000e-004 -8.5035429e-004
  7.4161490e+000 -9.1600000e-004 -4.4035287e-004
  7.4221940e+000 -2.3470000e-003 -5.5148711e-004
  7.4282390e+000 -2.7770000e-003  5.7605466e-004
  7.4342830e+000 -2.0180000e-003  1.6589519e-003
  7.4403280e+000 -2.3040000e-003  1.6677587e-003
  7.4463730e+000 -2.3900000e-003  8.6126706e-004
  7.4524180e+000 -3.2240000e-003  1.4317318e-003
  7.4584620e+000 -1.2610000e-003  1.0925120e-003
  7.4645070e+000 -8.2600000e-004  4.4088128e-003
  7.4705520e+000 -3.0470000e-003  1.5225576e-003
  7.4765970e+000 -1.5310000e-003 -1.4298499e-004
  7.4826420e+000 -1.7410000e-003  2.2896284e-003
  7.4886860e+000 -9.7200000e-004  2.1552107e-003
  7.4947310e+000 -1.3420000e-003  7.8386293e-004
  7.5007760e+000 -3.0980000e-003 -4.8903625e-004
  7.5068210e+000 -3.4160000e-003  1.7337836e-004
  7.5128650e+000 -1.4780000e-003  1.4059459e-003
  7.5189100e+000 -7.1000000e-004 -5.7640329e-005
  7.5249550e+000 -7.9800000e-004  5.7753101e-004
  7.5310000e+000 -1.2150000e-003 -1.0873662e-004
  7.5370450e+000  1.2670000e-003 -1.7155010e-003
  7.5430890e+000  2.6870000e-003 -2.9452203e-003
  7.5491340e+000  1.5780000e-003 -3.5640952e-003
  7.5551790e+000 -2.0830000e-003  4.5999887e-004
  7.5612240e+000 -3.4730000e-003  4.2377344e-004
  7.5672680e+000 -1.8810000e-003 -2.4496262e-004
  7.5733130e+000 -2.3860000e-003 -2.0560589e-003
  7.5793580e+000 -1.3010000e-003 -5.2722826e-004
  7.5854030e+000 -1.1920000e-003  2.0613905e-004
  7.5914480e+000  1.2520000e-003  6.6397140e-004
  7.5974920e+000  1.4410000e-003 -1.1911807e-003
  7.6035370e+000  3.0000000e-004  1.5255225e-004
  7.6095820e+000 -1.8370000e-003  1.3034517e-003
  7.6156270e+000 -7.8500000e-004  6.8721609e-005
  7.6216710e+000 -4.6700000e-004 -5.2969300e-004
  7.6277160e+000  1.0040000e-003  7.5318153e-004
  7.6337610e+000  7.9400000e-004  3.7579496e-004
  7.6398060e+000 -1.0240000e-003 -1.1755169e-004
  7.6458510e+000 -3.3130000e-003  1.9147346e-003
  7.6518950e+000 -4.7070000e-003  9.6835174e-005
  7.6579400e+000 -1.5310000e-003 -7.6898499e-004
  7.6639850e+000 -5.0800000e-004 -1.9306018e-003
  7.6700300e+000 -1.7020000e-003 -1.7379977e-004
  7.6760740e+000 -3.1100000e-003  1.6389417e-003
  7.6821190e+000 -2.0120000e-003  1.0939629e-003
  7.6881640e+000 -1.4800000e-004  2.0230609e-003
  7.6942090e+000  2.4810000e-003  1.9840671e-003
  7.7002540e+000  1.7360000e-003  2.5952903e-004
  7.7062980e+000  1.7830000e-003 -1.0705511e-003
  7.7123430e+000  2.6830000e-003 -1.5718944e-003
  7.7183880e+000  8.4700000e-004 -2.2682741e-003
  7.7244330e+000  2.2280000e-003 -4.6035653e-003
  7.7304770e+000  2.3090000e-003 -1.0569162e-003
  7.7365220e+000  0.0000000e+000  0.0000000e+000
  7.7425670e+000  0.0000000e+000  0.0000000e+000
  7.7486120e+000  0.0000000e+000  0.0000000e+000
  7.7546570e+000  0.0000000e+000  0.0000000e+000
  7.7607010e+000  0.0000000e+000  0.0000000e+000
  7.7667460e+000  0.0000000e+000  0.0000000e+000
  7.7727910e+000  0.0000000e+000  0.0000000e+000
  7.7788360e+000  0.0000000e+000  0.0000000e+000
  7.7848800e+000  0.0000000e+000  0.0000000e+000
  7.7909250e+000  0.0000000e+000  0.0000000e+000
  7.7969700e+000  0.0000000e+000  0.0000000e+000
  7.8030150e+000  0.0000000e+000  0.0000000e+000
  7.8090600e+000  0.0000000e+000  0.0000000e+000
  7.8151040e+000  0.0000000e+000  0.0000000e+000
  7.8211490e+000  0.0000000e+000  0.0000000e+000
  7.8271940e+000  0.0000000e+000  0.0000000e+000
  7.8332390e+000  0.0000000e+000  0.0000000e+000
  7.8392830e+000  0.0000000e+000  0.0000000e+000
  7.8453280e+000  0.0000000e+000  0.0000000e+000
  7.8513730e+000  0.0000000e+000  0.0000000e+000
  7.8574180e+000  0.0000000e+000  0.0000000e+000
  7.8634630e+000  0.0000000e+000  0.0000000e+000
  7.8695070e+000  0.0000000e+000  0.0000000e+000
  7.8755520e+000  0.0000000e+000  0.0000000e+000
  7.8815970e+000  0.0000000e+000  0.0000000e+000
  7.8876420e+000  0.0000000e+000  0.0000000e+000
  7.8936860e+000  0.0000000e+000  0.0000000e+000
  7.8997310e+000  0.0000000e+000  0.0000000e+000
  7.9057760e+000  0.0000000e+000  0.0000000e+000
  7.9118210e+000  0.0000000e+000  0.0000000e+000
  7.9178650e+000  0.0000000e+000  0.0000000e+000
  7.9239100e+000  0.0000000e+000  0.0000000e+000
  7.9299550e+000  0.0000000e+000  0.0000000e+000
  7.9360000e+000  0.0000000e+000  0.0000000e+000
  7.9420450e+000  0.0000000e+000  0.0000000e+000
  7.9480890e+000  0.0000000e+000  0.0000000e+000
  7.9541340e+000  0.0000000e+000  0.0000000e+000
  7.9601790e+000  0.0000000e+000  0.0000000e+000
  7.9662240e+000  0.0000000e+000  0.0000000e+000
  7.9722680e+000  0.0000000e+000  0.0000000e+000
  7.9783130e+000  0.0000000e+000  0.0000000e+000
  7.9843580e+000  0.0000000e+000  0.0000000e+000
  7.9904030e+000  0.0000000e+000  0.0000000e+000
  7.9964480e+000  0.0000000e+000  0.0000000e+000
  8.0024920e+000  0.0000000e+000  0.0000000e+000
  8.0085370e+000  0.0000000e+000  0.0000000e+000
  8.0145820e+000  0.0000000e+000  0.0000000e+000
  8.0206270e+000  0.0000000e+000  0.0000000e+000
  8.0266710e+000  0.0000000e+000  0.0000000e+000
  8.0327160e+000  0.0000000e+000  0.0000000e+000
  8.0387610e+000  0.0000000e+000  0.0000000e+000
  8.0448060e+000  0.0000000e+000  0.0000000e+000
  8.0508510e+000  0.0000000e+000  0.0000000e+000
  8.0568950e+000  0.0000000e+000  0.0000000e+000
  8.0629400e+000  0.0000000e+000  0.0000000e+000
  8.0689850e+000  0.0000000e+000  0.0000000e+000
  8.0750300e+000  0.0000000e+000  0.0000000e+000
  8.0810740e+000  0.0000000e+000  0.0000000e+000
  8.0871190e+000  0.0000000e+000  0.0000000e+000
  8.0931640e+000  0.0000000e+000  0.0000000e+000
  8.0992090e+000  0.0000000e+000  0.0000000e+000
  8.1052540e+000  0.0000000e+000  0.0000000e+000
  8.1112980e+000  0.0000000e+000  0.0000000e+000
  8.1173430e+000  0.0000000e+000  0.0000000e+000
  8.1233880e+000  0.0000000e+000  0.0000000e+000
  8.1294330e+000  0.0000000e+000  0.0000000e+000
  8.1354770e+000  0.0000000e+000  0.0000000e+000
  8.1415220e+000  0.0000000e+000  0.0000000e+000
  8.1475670e+000  0.0000000e+000  0.0000000e+000
  8.1536120e+000  0.0000000e+000  0.0000000e+000
  8.1596570e+000  0.0000000e+000  0.0000000e+000
  8.1657010e+000  0.0000000e+000  0.0000000e+000
  8.1717460e+000  0.0000000e+000  0.0000000e+000
  8.1777910e+000  0.0000000e+000  0.0000000e+000
  8.1838360e+000  0.0000000e+000  0.0000000e+000
  8.1898800e+000  0.0000000e+000  0.0000000e+000
  8.1959250e+000  0.0000000e+000  0.0000000e+000
  8.2019700e+000  0.0000000e+000  0.0000000e+000
  8.2080150e+000  0.0000000e+000  0.0000000e+000
  8.2140600e+000  0.0000000e+000  0.0000000e+000
  8.2201040e+000  0.0000000e+000  0.0000000e+000
  8.2261490e+000  0.0000000e+000  0.0000000e+000
  8.2321940e+000  0.0000000e+000  0.0000000e+000
  8.2382390e+000  0.0000000e+000  0.0000000e+000
  8.2442830e+000  0.0000000e+000  0.0000000e+000
  8.2503280e+000  0.0000000e+000  0.0000000e+000
  8.2563730e+000  0.0000000e+000  0.0000000e+000
  8.2624180e+000  0.0000000e+000  0.0000000e+000
  8.2684630e+000  0.0000000e+000  0.0000000e+000
  8.2745070e+000  0.0000000e+000  0.0000000e+000
  8.2805520e+000  0.0000000e+000  0.0000000e+000
  8.2865970e+000  0.0000000e+000  0.0000000e+000
  8.2926420e+000  0.0000000e+000  0.0000000e+000
  8.2986860e+000  0.0000000e+000  0.0000000e+000
  8.3047310e+000  0.0000000e+000  0.0000000e+000
  8.3107760e+000  0.0000000e+000  0.0000000e+000
  8.3168210e+000  0.0000000e+000  0.0000000e+000
  8.3228660e+000  0.0000000e+000  0.0000000e+000
  8.3289100e+000  0.0000000e+000  0.0000000e+000
  8.3349550e+000  0.0000000e+000  0.0000000e+000
  8.3410000e+000  0.0000000e+000  0.0000000e+000
  8.3470450e+000  0.0000000e+000  0.0000000e+000
  8.3530890e+000  0.0000000e+000  0.0000000e+000
  8.3591340e+000  0.0000000e+000  0.0000000e+000
  8.3651790e+000  0.0000000e+000  0.0000000e+000
  8.3712240e+000  0.0000000e+000  0.0000000e+000
  8.3772690e+000  0.0000000e+000  0.0000000e+000
  8.3833130e+000  0.0000000e+000  0.0000000e+000
  8.3893580e+000  0.0000000e+000  0.0000000e+000
  8.3954030e+000  0.0000000e+000  0.0000000e+000
  8.4014480e+000  0.0000000e+000  0.0000000e+000
  8.4074920e+000  0.0000000e+000  0.0000000e+000
  8.4135370e+000  0.0000000e+000  0.0000000e+000
  8.4195820e+000  0.0000000e+000  0.0000000e+000
  8.4256270e+000  0.0000000e+000  0.0000000e+000
  8.4316720e+000  0.0000000e+000  0.0000000e+000
  8.4377160e+000  0.0000000e+000  0.0000000e+000
  8.4437610e+000  0.0000000e+000  0.0000000e+000
  8.4498060e+000  0.0000000e+000  0.0000000e+000
  8.4558510e+000  0.0000000e+000  0.0000000e+000
  8.4618950e+000  0.0000000e+000  0.0000000e+000
  8.4679400e+000  0.0000000e+000  0.0000000e+000
  8.4739850e+000  0.0000000e+000  0.0000000e+000
  8.4800300e+000  0.0000000e+000  0.0000000e+000
  8.4860750e+000  0.0000000e+000  0.0000000e+000
  8.4921190e+000  0.0000000e+000  0.0000000e+000
  8.4981640e+000  0.0000000e+000  0.0000000e+000
