	A
	
	Decaline.Sample.Raw.csv
3773.58491	3.993
3780.71834	3.993
3787.87879	3.993
3795.06641	3.993
3802.28137	3.993
3809.52381	3.993
3816.79389	3.993
3824.09178	3.993
3831.41762	3.993
3838.77159	3.993
3846.15385	3.993
3853.56455	3.993
3861.00386	3.993
3868.47195	3.993
3875.96899	3.993
3883.49515	3.993
3891.05058	3.993
3898.63548	3.993
3906.25	3.993
3913.89432	3.993
3921.56863	3.993
3929.27308	3.993
3937.00787	3.993
3944.77318	3.993
3952.56917	3.993
3960.39604	3.993
3968.25397	3.993
3976.14314	3.993
3984.06375	3.993
3992.01597	3.993
4000	3.993
4008.01603	3.993
4016.06426	3.993
4024.14487	3.993
4032.25806	3.993
4040.40404	3.993
4048.583	3.993
4056.79513	3.993
4065.04065	3.993
4073.31976	3.993
4081.63265	3.993
4089.97955	3.993
4098.36066	3.993
4106.77618	3.993
4115.22634	3.993
4123.71134	3.993
4132.2314	3.993
4140.78675	3.993
4149.37759	3.993
4158.00416	3.993
4166.66667	3.993
4175.36534	3.993
4184.10042	3.993
4192.87212	3.993
4201.68067	3.993
4210.52632	3.993
4219.40928	3.993
4228.32981	3.993
4237.28814	3.993
4246.2845	3.993
4255.31915	3.993
4264.39232	3.993
4273.50427	3.993
4282.65525	3.993
4291.84549	3.993
4301.07527	3.993
4310.34483	3.993
4319.65443	3.993
4329.00433	3.993
4338.39479	3.993
4347.82609	3.971
4357.29847	3.825
4366.81223	3.644
4376.36761	3.384
4385.96491	3.075
4395.6044	2.717
4405.28634	2.350
4415.01104	2.016
4424.77876	1.770
4434.5898	1.515
4444.44444	1.213
4454.34298	1.053
4464.28571	0.9482
4474.27293	0.8663
4484.30493	0.8278
4494.38202	0.7939
4504.5045	0.7665
4514.67269	0.7395
4524.88688	0.7210
4535.14739	0.7090
4545.45455	0.6981
4555.80866	0.6991
4566.21005	0.7005
4576.65904	0.7042
4587.15596	0.7111
4597.70115	0.7089
4608.29493	0.6982
4618.93764	0.6839
4629.62963	0.6743
4640.37123	0.6660
4651.16279	0.6552
4662.00466	0.6517
4672.8972	0.6508
4683.84075	0.6469
4694.83568	0.6452
4705.88235	0.6450
4716.98113	0.6450
4728.13239	0.6447
4739.33649	0.6476
4750.59382	0.6475
4761.90476	0.6480
4773.26969	0.6553
4784.689	0.6653
4796.16307	0.6698
4807.69231	0.6724
4819.27711	0.6813
4830.91787	0.6910
4842.61501	0.6978
4854.36893	0.7050
4866.18005	0.7072
4878.04878	0.7100
4889.97555	0.7166
4901.96078	0.7282
4914.00491	0.7397
4926.10837	0.7540
4938.2716	0.7786
4950.49505	0.8073
4962.77916	0.8346
4975.12438	0.8601
4987.53117	0.8805
5000	0.9042
5012.53133	0.9348
5025.12563	0.9673
5037.78338	0.9920
5050.50505	1.010
5063.29114	1.033
5076.14213	1.056
5089.05852	1.071
5102.04082	1.077
5115.08951	1.075
5128.20513	1.071
5141.38817	1.063
5154.63918	1.050
5167.95866	1.034
5181.34715	1.029
5194.80519	1.049
5208.33333	1.080
5221.93211	1.113
5235.60209	1.141
5249.34383	1.162
5263.15789	1.175
5277.04485	1.178
5291.00529	1.181
5305.03979	1.179
5319.14894	1.175
5333.33333	1.173
5347.59358	1.186
5361.93029	1.210
5376.34409	1.237
5390.83558	1.283
5405.40541	1.349
5420.0542	1.436
5434.78261	1.559
5449.59128	1.712
5464.48087	1.866
5479.45205	2.068
5494.50549	2.181
5509.64187	2.188
5524.86188	2.142
5540.1662	2.039
5555.55556	2.340
5561.73526	2.329
5567.92873	2.314
5574.13601	2.291
5580.35714	2.269
5586.59218	2.251
5592.84116	2.238
5599.10414	2.232
5605.38117	2.236
5611.67228	2.252
5617.97753	2.281
5624.29696	2.327
5630.63063	2.390
5636.97858	2.469
5643.34086	2.566
5649.71751	2.691
5656.1086	2.830
5662.51416	2.999
5668.93424	3.184
5675.3689	3.373
5681.81818	3.543
5688.28214	3.592
5694.76082	3.556
5701.25428	3.400
5707.76256	3.250
5714.28571	3.152
5720.8238	3.065
5727.37686	3.015
5733.94495	2.977
5740.52813	2.973
5747.12644	2.989
5753.73993	3.043
5760.36866	3.120
5767.01269	3.221
5773.67206	3.311
5780.34682	3.484
5787.03704	3.699
5793.74276	3.966
5800.46404	4.263
5807.20093	4.137
5813.95349	3.998
5820.72177	3.546
5827.50583	3.066
5834.30572	2.640
5841.1215	2.267
5847.95322	1.951
5854.80094	1.682
5861.66471	1.451
5868.5446	1.253
5875.44066	1.084
5882.35294	0.9367
5889.28151	0.8103
5896.22642	0.7017
5903.18772	0.6078
5910.16548	0.5282
5917.15976	0.4607
5924.17062	0.4040
5931.1981	0.3564
5938.24228	0.3172
5945.30321	0.2848
5952.38095	0.2578
5959.47557	0.2355
5966.58711	0.2168
5973.71565	0.2005
5980.86124	0.1866
5988.02395	0.1741
5995.20384	0.1633
6002.40096	0.1539
6009.61538	0.1456
6016.84717	0.1384
6024.09639	0.1321
6031.36309	0.1269
6038.64734	0.1227
6045.94921	0.1192
6053.26877	0.1166
6060.60606	0.1146
6067.96117	0.1133
6075.33414	0.1126
6082.72506	0.1123
6090.13398	0.1122
6097.56098	0.1123
6105.00611	0.1125
6112.46944	0.1125
6119.95104	0.1122
6127.45098	0.1116
6134.96933	0.1106
6142.50614	0.1090
6150.0615	0.1069
6157.63547	0.1045
6165.22811	0.1017
6172.83951	0.09861
6180.46972	0.09548
6188.11881	0.09235
6195.78686	0.08933
6203.47395	0.08645
6211.18012	0.08385
6218.90547	0.08145
6226.65006	0.07929
6234.41397	0.07745
6242.19725	0.07597
6250	0.07489
6257.82228	0.07402
6265.66416	0.07342
6273.52572	0.07296
6281.40704	0.07257
6289.30818	0.07227
6297.22922	0.07209
6305.17024	0.07182
6313.13131	0.07157
6321.11252	0.07139
6329.11392	0.07120
6337.13561	0.07106
6345.17766	0.07099
6353.24015	0.07109
6361.32316	0.07127
6369.42675	0.07158
6377.55102	0.07192
6385.69604	0.07232
6393.86189	0.07279
6402.04866	0.07335
6410.25641	0.07399
6418.48524	0.07466
6426.73522	0.07538
6435.00644	0.07624
6443.29897	0.07732
6451.6129	0.07859
6459.94832	0.07999
6468.3053	0.08158
6476.68394	0.08351
6485.08431	0.08562
6493.50649	0.08791
6501.95059	0.09053
6510.41667	0.09331
6518.90482	0.09629
6527.41514	0.09936
6535.94771	0.1025
6544.50262	0.1058
6553.07995	0.1091
6561.67979	0.1124
6570.30223	0.1159
6578.94737	0.1196
6587.61528	0.1235
6596.30607	0.1276
6605.01982	0.1320
6613.75661	0.1366
6622.51656	0.1411
6631.29973	0.1456
6640.10624	0.1499
6648.93617	0.1536
6657.78961	0.1567
6666.66667	0.1593
6675.56742	0.1614
6684.49198	0.1629
6693.44043	0.1641
6702.41287	0.1651
6711.4094	0.1663
6720.43011	0.1678
6729.4751	0.1697
6738.54447	0.1723
6747.63833	0.1755
6756.75676	0.1794
6765.89986	0.1837
6775.06775	0.1885
6784.26052	0.1937
6793.47826	0.1990
6802.72109	0.2045
6811.9891	0.2101
6821.2824	0.2156
6830.60109	0.2214
6839.94528	0.2275
6849.31507	0.2344
6858.71056	0.2421
6868.13187	0.2509
6877.57909	0.2607
6887.05234	0.2714
6896.55172	0.2830
6906.07735	0.2950
6915.62932	0.3070
6925.20776	0.3183
6934.81276	0.3284
6944.44444	0.3373
6954.10292	0.3448
6963.7883	0.3515
6973.5007	0.3576
6983.24022	0.3641
6993.00699	0.3713
7002.80112	0.3799
7012.62272	0.3897
7022.47191	0.4003
7032.3488	0.4113
7042.25352	0.4214
7052.18618	0.4295
7062.14689	0.4344
7072.13579	0.4353
7082.15297	0.4317
7092.19858	0.4250
7102.27273	0.4164
7112.37553	0.4084
7122.50712	0.4023
7132.66762	0.3991
7142.85714	0.3990
7153.07582	0.4011
7163.32378	0.4045
7173.60115	0.4069
7183.90805	0.4055
7194.2446	0.3977
7204.61095	0.3819
7215.00722	0.3587
7225.43353	0.3294
7235.89001	0.2963
7246.37681	0.2623
7256.89405	0.2296
7267.44186	0.1986
7278.02038	0.1703
7288.62974	0.1457
7299.27007	0.1242
7309.94152	0.1055
7320.64422	0.08983
7331.3783	0.07666
7342.14391	0.06546
7352.94118	0.05620
7363.77025	0.04875
7374.63127	0.04274
7385.52437	0.03815
7396.4497	0.03466
7407.40741	0.03214
7418.39763	0.03032
7429.42051	0.02915
7440.47619	0.02839
7451.56483	0.02792
7462.68657	0.02777
7473.84155	0.02789
7485.02994	0.02806
7496.25187	0.02844
7507.50751	0.02898
7518.79699	0.02945
7530.12048	0.03019
7541.47813	0.03098
7552.87009	0.03177
7564.29652	0.03289
7575.75758	0.03396
7587.25341	0.03513
7598.78419	0.03639
7610.35008	0.03770
7621.95122	0.03911
7633.58779	0.04069
7645.25994	0.04245
7656.96784	0.04430
7668.71166	0.04627
7680.49155	0.04839
7692.30769	0.05070
7704.16025	0.05301
7716.04938	0.05573
7727.97527	0.05842
7739.93808	0.06142
7751.93798	0.06450
7763.97516	0.06808
7776.04977	0.07166
7788.16199	0.07558
7800.31201	0.07985
7812.5	0.08434
7824.72613	0.08926
7836.9906	0.09468
7849.29356	0.1004
7861.63522	0.1067
7874.01575	0.1134
7886.43533	0.1208
7898.89415	0.1288
7911.39241	0.1374
7923.93027	0.1470
7936.50794	0.1575
7949.1256	0.1689
7961.78344	0.1818
7974.48166	0.1960
7987.22045	0.2114
8000	0.2281
8012.82051	0.2462
8025.68218	0.2653
8038.58521	0.2858
8051.52979	0.3074
8064.51613	0.3302
8077.54443	0.3543
8090.61489	0.3809
8103.72771	0.4103
8116.88312	0.4428
8130.0813	0.4791
8143.32248	0.5196
8156.60685	0.5645
8169.93464	0.6146
8183.30606	0.6695
8196.72131	0.7274
8210.18062	0.7861
8223.68421	0.8440
8237.23229	0.8962
8250.82508	0.9377
8264.46281	0.9629
8278.1457	0.9680
8291.87396	0.9534
8305.64784	0.9227
8319.46755	0.8807
8333.33333	0.8316
8347.24541	0.7784
8361.20401	0.7232
8375.20938	0.6685
8389.26174	0.6152
8403.36134	0.5638
8417.50842	0.5149
8431.7032	0.4683
8445.94595	0.4226
8460.23689	0.3802
8474.57627	0.3424
8488.96435	0.3091
8503.40136	0.2795
8517.88756	0.2538
8532.42321	0.2314
8547.00855	0.2117
8561.64384	0.1942
8576.32933	0.1782
8591.06529	0.1629
8605.85198	0.1479
8620.68966	0.1329
8635.57858	0.1180
8650.51903	0.1032
8665.51127	0.08931
8680.55556	0.07641
8695.65217	0.06464
8710.80139	0.05408
8726.00349	0.04498
8741.25874	0.03732
8756.56743	0.03090
8771.92982	0.02564
8787.34622	0.02130
8802.8169	0.01764
8818.34215	0.01471
8833.92226	0.01231
8849.55752	0.01028
8865.24823	0.008701
8880.99467	0.007403
8896.79715	0.006440
8912.65597	0.005793
8928.57143	0.005328
8944.54383	0.005064
8960.57348	0.004954
8976.66068	0.004967
8992.80576	0.005011
9009.00901	0.005212
9025.27076	0.005577
9041.59132	0.005847
9057.97101	0.006108
9074.41016	0.006454
9090.90909	0.006837
9107.46812	0.007231
9124.08759	0.007669
9140.76782	0.007960
9157.50916	0.008326
9174.31193	0.008805
9191.17647	0.009189
9208.10313	0.009594
9225.09225	0.01008
9242.14418	0.01053
9259.25926	0.01103
9276.43785	0.01152
9293.6803	0.01197
9310.98696	0.01244
9328.35821	0.01290
9345.79439	0.01346
9363.29588	0.01406
9380.86304	0.01463
9398.49624	0.01512
9416.19586	0.01569
9433.96226	0.01623
9451.79584	0.01679
9469.69697	0.01740
9487.66603	0.01803
9505.70342	0.01859
9523.80952	0.01917
9541.98473	0.01974
9560.22945	0.02021
9578.54406	0.02062
9596.92898	0.02078
9615.38462	0.02085
9633.91137	0.02074
9652.50965	0.02041
9671.17988	0.01988
9689.92248	0.01931
9708.73786	0.01857
9727.62646	0.01767
9746.58869	0.01671
9765.625	0.01562
9784.73581	0.01466
9803.92157	0.01360
9823.18271	0.01249
9842.51969	0.01151
9861.93294	0.01035
9881.42292	0.009287
9900.9901	0.008130
9920.63492	0.006939
9940.35785	0.005731
9960.15936	0.004587
9980.03992	0.003698
10000	0.002787
10020.04008	0.001949
10040.16064	0.001206
10060.36217	5.800E-4
10080.64516	6.200E-5
10101.0101	-3.970E-4
10121.45749	-5.810E-4
10141.98783	-7.520E-4
10162.60163	-8.620E-4
10183.29939	-8.040E-4
10204.08163	-6.590E-4
10224.94888	-3.720E-4
10245.90164	2.500E-5
10266.94045	7.430E-4
10288.06584	0.001483
10309.27835	0.002335
10330.57851	0.003461
10351.96687	0.004734
10373.44398	0.006010
10395.0104	0.007541
10416.66667	0.009243
10438.41336	0.01103
10460.25105	0.01301
10482.18029	0.01534
10504.20168	0.01784
10526.31579	0.02081
10548.52321	0.02405
10570.82452	0.02795
10593.22034	0.03236
10615.71125	0.03702
10638.29787	0.04194
10660.98081	0.04728
10683.76068	0.05238
10706.63812	0.05724
10729.61373	0.06149
10752.68817	0.06478
10775.86207	0.06708
10799.13607	0.06776
10822.51082	0.06690
10845.98698	0.06473
10869.56522	0.06113
10893.24619	0.05639
10917.03057	0.05087
10940.91904	0.04525
10964.91228	0.03939
10989.01099	0.03352
11013.21586	0.02823
11037.52759	0.02350
11061.9469	0.01953
11086.4745	0.01602
11111.11111	0.01328
11135.85746	0.01094
11160.71429	0.008763
11185.68233	0.007027
11210.76233	0.005654
11235.95506	0.004004
11261.26126	0.002752
11286.68172	0.001854
11312.21719	0.001031
11337.86848	1.800E-4
11363.63636	-6.750E-4
11389.52164	-0.001258
11415.52511	-0.001648
11441.6476	-0.002440
11467.88991	-0.002330
11494.25287	-0.002907
11520.73733	-0.003166
11547.34411	-0.002935
11574.07407	-0.003468
11600.92807	-0.003295
11627.90698	-0.02306
11655.01166	-0.004241
11682.24299	-0.004972
11709.60187	-0.003666
11737.0892	-0.005082
11764.70588	-0.004215
11792.45283	-0.004428
11820.33097	-0.004452
11848.34123	-0.004280
11876.48456	-0.004207
11904.7619	-0.004595
11933.17422	-0.004346
11961.72249	-0.004262
11990.40767	-0.004641
12019.23077	-0.004268
12048.19277	-0.004757
12077.29469	-0.004194
12106.53753	-0.004380
12135.92233	-0.004552
12165.45012	-0.004620
12195.12195	-0.004711
12224.93888	-0.005066
12254.90196	-0.005480
12285.01229	-0.005735
12315.27094	-0.005617
12345.67901	-0.005254
12376.23762	-0.006164
12406.94789	-0.005782
12437.81095	-0.005798
12468.82793	-0.006188
12500	-0.006311
12531.32832	-0.006150
12562.81407	-0.006128
12594.45844	-0.006021
12626.26263	-0.006027
12658.22785	-0.005768
12690.35533	-0.005644
12722.64631	-0.005351
12755.10204	-0.005223
12787.72379	-0.004939
12820.51282	-0.004751
12853.47044	-0.004810
12886.59794	-0.004563
12919.89664	-0.004468
12953.36788	-0.003563
12987.01299	-0.002556
13020.83333	-0.001841
13054.83029	-0.001321
13089.00524	-5.920E-4
13123.35958	2.000E-4
13157.89474	7.510E-4
13192.61214	6.380E-4
13227.51323	4.580E-4
13262.59947	-1.650E-4
13297.87234	-0.001184
13333.33333	-0.001947
13368.98396	-0.003021
13404.82574	-0.003532
13440.86022	-0.004373
13477.08895	-0.004809
13513.51351	-0.005086
13550.1355	-0.005168
13586.95652	-0.005698
13623.9782	-0.005579
13661.20219	-0.006012
13698.63014	-0.006056
13736.26374	-0.005970
13774.10468	-0.006186
13812.1547	-0.006103
13850.41551	-0.006323
13888.88889	-0.006279
13927.5766	-0.006346
13966.48045	-0.006379
14005.60224	-0.006291
14044.94382	-0.006423
14084.50704	-0.006239
14124.29379	-0.006217
14164.30595	-0.006188
14204.54545	-0.006426
14245.01425	-0.006331
14285.71429	-0.006305
14326.64756	-0.006341
14367.81609	-0.006337
14409.2219	-0.006491
14450.86705	-0.006575
14492.75362	-0.006420
14534.88372	-0.006470
14577.25948	-0.006500
14619.88304	-0.006403
14662.7566	-0.006338
14705.88235	-0.006406
14749.26254	-0.006390
14792.89941	-0.006304
14836.79525	-0.006338
14880.95238	-0.006477
14925.37313	-0.006388
14970.05988	-0.006391
15015.01502	-0.006501
15060.24096	-0.006264
15105.74018	-0.006122
15151.51515	-0.006162
15197.56839	-0.006105
15243.90244	-0.006101
15290.51988	-0.005972
15337.42331	-0.005681
15384.61538	-0.005455
15432.09877	-0.005567
15479.87616	-0.005587
15527.95031	-0.005694
15576.32399	-0.005775
15625	-0.005825
15673.98119	-0.005931
15723.27044	-0.005922
15772.87066	-0.005902
15822.78481	-0.006043
15873.01587	-0.006139
15923.56688	-0.006194
15974.44089	-0.006354
16025.64103	-0.006303
16077.17042	-0.006257
16129.03226	-0.006216
16181.22977	-0.006171
16233.76623	-0.006119
16286.64495	-0.006118
16339.86928	-0.006216
16393.44262	-0.006223
16447.36842	-0.006088
16501.65017	-0.006051
16556.29139	-0.006217
16611.29568	-0.006147
16666.66667	-0.006152
16722.40803	-0.006241
16778.52349	-0.006156
16835.01684	-0.006133
16891.89189	-0.006059
16949.15254	-0.005904
17006.80272	-0.005895
17064.84642	-0.005955
17123.28767	-0.005912
17182.13058	-0.005857
17241.37931	-0.005945
17301.03806	-0.005803
17361.11111	-0.005718
17421.60279	-0.005638
17482.51748	-0.005476
17543.85965	-0.005194
17605.6338	-0.005024
17667.84452	-0.005207
17730.49645	-0.005413
17793.59431	-0.005402
17857.14286	-0.005287
17921.14695	-0.005318
17985.61151	-0.005336
18050.54152	-0.005304
18115.94203	-0.005216
18181.81818	-0.005104
18248.17518	-0.005101
18315.01832	-0.005112
18382.35294	-0.005106
18450.1845	-0.005086
18518.51852	-0.004960
18587.36059	-0.004900
18656.71642	-0.004909
18726.59176	-0.004821
18796.99248	-0.004396
18867.92453	-0.004308
18939.39394	-0.004301
19011.40684	-0.004329
19083.96947	-0.004270
19157.08812	-0.004243
19230.76923	-0.004184
19305.01931	-0.004178
19379.84496	-0.004126
19455.25292	-0.003901
19531.25	-0.004032
19607.84314	-0.003960
19685.03937	-0.003780
19762.84585	-0.003612
19841.26984	-0.003563
19920.31873	-0.003676
20000	-0.003518
20080.32129	-0.003051
20161.29032	-0.003088
20242.91498	-0.003140
20325.20325	-0.003008
20408.16327	-0.002842
20491.80328	-0.002568
20576.13169	-0.002476
20661.15702	-0.002338
20746.88797	-0.002432
20833.33333	-0.002146
20920.50209	-0.001955
21008.40336	-0.001749
21097.04641	-0.001402
21186.44068	-0.001373
21276.59574	-0.001143
21367.52137	-6.610E-4
21459.22747	-4.990E-4
21551.72414	-2.320E-4
21645.02165	2.170E-4
21739.13043	3.800E-4
21834.06114	4.330E-4
21929.82456	9.260E-4
22026.43172	0.001196
22123.89381	0.001436
22222.22222	0.001797
22321.42857	0.001940
22421.52466	0.002450
22522.52252	0.002751
22624.43439	0.003284
22727.27273	0.003462
22831.05023	0.003990
22935.77982	0.004331
23041.47465	0.005125
23148.14815	0.005906
23255.81395	0.006620
23364.48598	0.007131
23474.1784	0.007641
23584.90566	0.007864
23696.68246	0.008552
23809.52381	0.009283
23923.44498	0.009648
24038.46154	0.009586
24154.58937	0.01025
24271.84466	0.01055
24390.2439	0.01154
24509.80392	0.01196
24630.54187	0.01246
24752.47525	0.01314
24875.62189	0.01373
25000	0.01390
25125.62814	0.01475
25252.52525	0.01518
25380.71066	0.01587
25510.20408	0.01641
25641.02564	0.01730
25773.19588	0.01855
25906.73575	0.01934
26041.66667	0.02035
26178.01047	0.02140
26315.78947	0.02288
26455.02646	0.02485
26595.74468	0.02757
26737.96791	0.03043
26881.72043	0.03410
27027.02703	0.03713
27173.91304	0.04126
27322.40437	0.04612
27472.52747	0.05155
27624.30939	0.05934
27777.77778	0.06886
27932.96089	0.08099
28089.88764	0.09381
28248.58757	0.1060
28409.09091	0.1171
28571.42857	0.1281
28735.63218	0.1386
28901.7341	0.1498
29069.76744	0.1607
29239.76608	0.1720
29411.76471	0.1818
29585.79882	0.1899
29761.90476	0.1961
29940.11976	0.2009
30120.48193	0.2060
30303.0303	0.2104
30487.80488	0.2144
30674.84663	0.2165
30864.19753	0.2174
31055.90062	0.2200
31250	0.2231
31446.54088	0.2254
31645.56962	0.2310
31847.13376	0.2414
32051.28205	0.2670
32258.06452	0.2706
32467.53247	0.2837
32679.73856	0.3292
32894.73684	0.3854
33112.58278	0.4871
33333.33333	0.6747
33557.04698	0.9860
33783.78378	1.123
34013.60544	1.142
34246.57534	1.262
34482.75862	1.547
34722.22222	1.933
34965.03497	2.068
35211.26761	2.213
35460.99291	2.513
35714.28571	3.490
35971.22302	3.965
36231.88406	3.965
36496.35036	3.965
36764.70588	3.965
37037.03704	3.965
37313.43284	3.965
37593.98496	3.965
37878.78788	3.965
38167.93893	3.965
38461.53846	3.965
38759.68992	3.965
39062.5	3.965
39370.07874	3.965
39682.53968	3.965
40000	3.965
40322.58065	3.965
40650.4065	3.965
40983.60656	3.965
41322.31405	3.965
41666.66667	3.965
42016.80672	3.965
42372.88136	3.965
42735.04274	3.965
43103.44828	3.965
43478.26087	3.965
43859.64912	3.965
44247.78761	3.965
44642.85714	3.965
45045.04505	3.965
45454.54545	3.965
45871.55963	3.965
46296.2963	3.965
46728.97196	3.965
47169.81132	3.965
47619.04762	3.965
48076.92308	3.965
48543.68932	3.965
49019.60784	3.965
49504.9505	3.965
50000	3.965
	-0.007224
