	A
	
	H2O.Sample.Raw.csv
3773.58491	3.931
3780.71834	3.931
3787.87879	3.931
3795.06641	3.931
3802.28137	3.931
3809.52381	3.931
3816.79389	3.931
3824.09178	3.931
3831.41762	3.931
3838.77159	3.931
3846.15385	3.931
3853.56455	3.931
3861.00386	3.931
3868.47195	3.931
3875.96899	3.931
3883.49515	3.931
3891.05058	3.931
3898.63548	3.931
3906.25	3.931
3913.89432	3.931
3921.56863	3.931
3929.27308	3.931
3937.00787	3.931
3944.77318	3.931
3952.56917	3.931
3960.39604	3.931
3968.25397	3.931
3976.14314	3.931
3984.06375	3.931
3992.01597	3.931
4000	3.931
4008.01603	3.931
4016.06426	3.931
4024.14487	3.931
4032.25806	3.931
4040.40404	3.931
4048.583	3.931
4056.79513	3.931
4065.04065	3.931
4073.31976	3.931
4081.63265	3.931
4089.97955	3.931
4098.36066	3.931
4106.77618	3.931
4115.22634	3.931
4123.71134	3.931
4132.2314	3.931
4140.78675	3.931
4149.37759	3.931
4158.00416	3.931
4166.66667	3.931
4175.36534	3.931
4184.10042	3.931
4192.87212	3.931
4201.68067	3.931
4210.52632	3.931
4219.40928	3.931
4228.32981	3.931
4237.28814	3.931
4246.2845	3.931
4255.31915	3.931
4264.39232	3.931
4273.50427	3.931
4282.65525	3.931
4291.84549	3.931
4301.07527	3.931
4310.34483	3.931
4319.65443	3.931
4329.00433	3.931
4338.39479	3.931
4347.82609	3.931
4357.29847	3.931
4366.81223	3.931
4376.36761	3.931
4385.96491	3.931
4395.6044	3.931
4405.28634	3.931
4415.01104	3.931
4424.77876	3.931
4434.5898	3.931
4444.44444	3.931
4454.34298	3.931
4464.28571	3.931
4474.27293	3.931
4484.30493	3.931
4494.38202	3.931
4504.5045	3.931
4514.67269	3.931
4524.88688	3.931
4535.14739	3.931
4545.45455	3.931
4555.80866	3.931
4566.21005	3.931
4576.65904	3.931
4587.15596	3.931
4597.70115	3.931
4608.29493	3.931
4618.93764	3.931
4629.62963	3.931
4640.37123	3.931
4651.16279	3.931
4662.00466	3.931
4672.8972	3.931
4683.84075	3.931
4694.83568	3.931
4705.88235	3.931
4716.98113	3.931
4728.13239	3.931
4739.33649	3.931
4750.59382	3.931
4761.90476	3.931
4773.26969	3.931
4784.689	3.931
4796.16307	3.931
4807.69231	3.931
4819.27711	3.931
4830.91787	3.931
4842.61501	3.931
4854.36893	3.931
4866.18005	3.931
4878.04878	3.931
4889.97555	3.931
4901.96078	3.931
4914.00491	3.931
4926.10837	3.931
4938.2716	3.931
4950.49505	3.931
4962.77916	3.931
4975.12438	3.931
4987.53117	3.931
5000	3.931
5012.53133	3.931
5025.12563	3.931
5037.78338	3.931
5050.50505	3.931
5063.29114	3.931
5076.14213	3.931
5089.05852	3.931
5102.04082	3.931
5115.08951	3.931
5128.20513	3.931
5141.38817	3.931
5154.63918	3.931
5167.95866	3.931
5181.34715	3.931
5194.80519	3.931
5208.33333	3.931
5221.93211	3.931
5235.60209	3.931
5249.34383	3.931
5263.15789	3.931
5277.04485	3.931
5291.00529	3.931
5305.03979	3.931
5319.14894	3.931
5333.33333	3.931
5347.59358	3.931
5361.93029	3.931
5376.34409	3.931
5390.83558	3.931
5405.40541	3.931
5420.0542	3.931
5434.78261	3.931
5449.59128	3.931
5464.48087	3.931
5479.45205	3.931
5494.50549	3.931
5509.64187	3.931
5524.86188	3.931
5540.1662	3.931
5555.55556	3.931
5561.73526	3.931
5567.92873	3.931
5574.13601	3.864
5580.35714	3.825
5586.59218	3.766
5592.84116	3.931
5599.10414	3.931
5605.38117	3.931
5611.67228	3.931
5617.97753	3.681
5624.29696	3.764
5630.63063	3.766
5636.97858	3.724
5643.34086	3.677
5649.71751	3.626
5656.1086	3.525
5662.51416	3.547
5668.93424	3.485
5675.3689	3.409
5681.81818	3.379
5688.28214	3.383
5694.76082	3.303
5701.25428	3.237
5707.76256	3.140
5714.28571	3.126
5720.8238	3.063
5727.37686	3.017
5733.94495	2.987
5740.52813	2.934
5747.12644	2.900
5753.73993	2.862
5760.36866	2.839
5767.01269	2.811
5773.67206	2.762
5780.34682	2.746
5787.03704	2.708
5793.74276	2.693
5800.46404	2.655
5807.20093	2.636
5813.95349	2.616
5820.72177	2.597
5827.50583	2.582
5834.30572	2.556
5841.1215	2.546
5847.95322	2.523
5854.80094	2.514
5861.66471	2.500
5868.5446	2.487
5875.44066	2.488
5882.35294	2.477
5889.28151	2.466
5896.22642	2.459
5903.18772	2.457
5910.16548	2.451
5917.15976	2.448
5924.17062	2.444
5931.1981	2.440
5938.24228	2.442
5945.30321	2.439
5952.38095	2.443
5959.47557	2.446
5966.58711	2.449
5973.71565	2.453
5980.86124	2.460
5988.02395	2.464
5995.20384	2.469
6002.40096	2.476
6009.61538	2.483
6016.84717	2.491
6024.09639	2.500
6031.36309	2.508
6038.64734	2.523
6045.94921	2.535
6053.26877	2.548
6060.60606	2.561
6067.96117	2.573
6075.33414	2.590
6082.72506	2.606
6090.13398	2.620
6097.56098	2.637
6105.00611	2.656
6112.46944	2.678
6119.95104	2.695
6127.45098	2.714
6134.96933	2.731
6142.50614	2.758
6150.0615	2.785
6157.63547	2.810
6165.22811	2.833
6172.83951	2.857
6180.46972	2.891
6188.11881	2.919
6195.78686	2.945
6203.47395	2.973
6211.18012	3.007
6218.90547	3.046
6226.65006	3.077
6234.41397	3.101
6242.19725	3.135
6250	3.186
6257.82228	3.224
6265.66416	3.260
6273.52572	3.296
6281.40704	3.340
6289.30818	3.392
6297.22922	3.432
6305.17024	3.479
6313.13131	3.520
6321.11252	3.554
6329.11392	3.622
6337.13561	3.701
6345.17766	3.800
6353.24015	3.931
6361.32316	3.931
6369.42675	3.931
6377.55102	3.931
6385.69604	3.931
6393.86189	3.931
6402.04866	3.931
6410.25641	3.931
6418.48524	3.931
6426.73522	3.931
6435.00644	3.931
6443.29897	3.931
6451.6129	3.931
6459.94832	3.931
6468.3053	3.931
6476.68394	3.931
6485.08431	3.931
6493.50649	3.931
6501.95059	3.931
6510.41667	3.931
6518.90482	3.931
6527.41514	3.931
6535.94771	3.931
6544.50262	3.931
6553.07995	3.931
6561.67979	3.931
6570.30223	3.931
6578.94737	3.931
6587.61528	3.931
6596.30607	3.931
6605.01982	3.931
6613.75661	3.931
6622.51656	3.931
6631.29973	3.931
6640.10624	3.931
6648.93617	3.931
6657.78961	3.931
6666.66667	3.931
6675.56742	3.931
6684.49198	3.931
6693.44043	3.931
6702.41287	3.931
6711.4094	3.931
6720.43011	3.931
6729.4751	3.931
6738.54447	3.931
6747.63833	3.931
6756.75676	3.931
6765.89986	3.931
6775.06775	3.931
6784.26052	3.931
6793.47826	3.931
6802.72109	3.931
6811.9891	3.931
6821.2824	3.931
6830.60109	3.931
6839.94528	3.931
6849.31507	3.931
6858.71056	3.931
6868.13187	3.931
6877.57909	3.931
6887.05234	3.931
6896.55172	3.931
6906.07735	3.931
6915.62932	3.931
6925.20776	3.931
6934.81276	3.931
6944.44444	3.931
6954.10292	3.931
6963.7883	3.931
6973.5007	3.931
6983.24022	3.931
6993.00699	3.931
7002.80112	3.931
7012.62272	3.931
7022.47191	3.931
7032.3488	3.931
7042.25352	3.931
7052.18618	3.931
7062.14689	3.931
7072.13579	3.931
7082.15297	3.931
7092.19858	3.931
7102.27273	3.931
7112.37553	3.931
7122.50712	3.931
7132.66762	3.931
7142.85714	3.931
7153.07582	3.931
7163.32378	3.931
7173.60115	3.729
7183.90805	3.431
7194.2446	3.212
7204.61095	3.000
7215.00722	2.799
7225.43353	2.624
7235.89001	2.467
7246.37681	2.326
7256.89405	2.203
7267.44186	2.093
7278.02038	1.996
7288.62974	1.909
7299.27007	1.832
7309.94152	1.761
7320.64422	1.699
7331.3783	1.643
7342.14391	1.591
7352.94118	1.544
7363.77025	1.501
7374.63127	1.459
7385.52437	1.420
7396.4497	1.380
7407.40741	1.342
7418.39763	1.303
7429.42051	1.263
7440.47619	1.223
7451.56483	1.183
7462.68657	1.143
7473.84155	1.102
7485.02994	1.062
7496.25187	1.021
7507.50751	0.9811
7518.79699	0.9416
7530.12048	0.9030
7541.47813	0.8662
7552.87009	0.8308
7564.29652	0.7972
7575.75758	0.7651
7587.25341	0.7352
7598.78419	0.7068
7610.35008	0.6806
7621.95122	0.6561
7633.58779	0.6338
7645.25994	0.6126
7656.96784	0.5932
7668.71166	0.5753
7680.49155	0.5590
7692.30769	0.5441
7704.16025	0.5304
7716.04938	0.5178
7727.97527	0.5061
7739.93808	0.4957
7751.93798	0.4860
7763.97516	0.4772
7776.04977	0.4693
7788.16199	0.4622
7800.31201	0.4559
7812.5	0.4502
7824.72613	0.4455
7836.9906	0.4414
7849.29356	0.4380
7861.63522	0.4352
7874.01575	0.4332
7886.43533	0.4316
7898.89415	0.4307
7911.39241	0.4303
7923.93027	0.4305
7936.50794	0.4311
7949.1256	0.4320
7961.78344	0.4335
7974.48166	0.4352
7987.22045	0.4372
8000	0.4395
8012.82051	0.4420
8025.68218	0.4447
8038.58521	0.4475
8051.52979	0.4504
8064.51613	0.4533
8077.54443	0.4564
8090.61489	0.4595
8103.72771	0.4627
8116.88312	0.4658
8130.0813	0.4690
8143.32248	0.4722
8156.60685	0.4753
8169.93464	0.4785
8183.30606	0.4816
8196.72131	0.4846
8210.18062	0.4876
8223.68421	0.4906
8237.23229	0.4936
8250.82508	0.4965
8264.46281	0.4993
8278.1457	0.5018
8291.87396	0.5041
8305.64784	0.5061
8319.46755	0.5079
8333.33333	0.5091
8347.24541	0.5099
8361.20401	0.5102
8375.20938	0.5101
8389.26174	0.5095
8403.36134	0.5086
8417.50842	0.5072
8431.7032	0.5057
8445.94595	0.5038
8460.23689	0.5018
8474.57627	0.4998
8488.96435	0.4977
8503.40136	0.4954
8517.88756	0.4932
8532.42321	0.4907
8547.00855	0.4878
8561.64384	0.4845
8576.32933	0.4804
8591.06529	0.4751
8605.85198	0.4683
8620.68966	0.4595
8635.57858	0.4483
8650.51903	0.4343
8665.51127	0.4176
8680.55556	0.3981
8695.65217	0.3759
8710.80139	0.3513
8726.00349	0.3250
8741.25874	0.2975
8756.56743	0.2701
8771.92982	0.2435
8787.34622	0.2181
8802.8169	0.1942
8818.34215	0.1724
8833.92226	0.1530
8849.55752	0.1358
8865.24823	0.1210
8880.99467	0.1084
8896.79715	0.09786
8912.65597	0.08908
8928.57143	0.08185
8944.54383	0.07587
8960.57348	0.07082
8976.66068	0.06647
8992.80576	0.06274
9009.00901	0.05934
9025.27076	0.05622
9041.59132	0.05329
9057.97101	0.05050
9074.41016	0.04789
9090.90909	0.04532
9107.46812	0.04282
9124.08759	0.04048
9140.76782	0.03821
9157.50916	0.03600
9174.31193	0.03401
9191.17647	0.03219
9208.10313	0.03046
9225.09225	0.02895
9242.14418	0.02757
9259.25926	0.02641
9276.43785	0.02551
9293.6803	0.02476
9310.98696	0.02419
9328.35821	0.02370
9345.79439	0.02356
9363.29588	0.02369
9380.86304	0.02396
9398.49624	0.02440
9416.19586	0.02508
9433.96226	0.02586
9451.79584	0.02691
9469.69697	0.02826
9487.66603	0.02975
9505.70342	0.03138
9523.80952	0.03332
9541.98473	0.03544
9560.22945	0.03779
9578.54406	0.04041
9596.92898	0.04317
9615.38462	0.04608
9633.91137	0.04932
9652.50965	0.05275
9671.17988	0.05633
9689.92248	0.06008
9708.73786	0.06412
9727.62646	0.06826
9746.58869	0.07247
9765.625	0.07687
9784.73581	0.08155
9803.92157	0.08611
9823.18271	0.09082
9842.51969	0.09568
9861.93294	0.1005
9881.42292	0.1055
9900.9901	0.1103
9920.63492	0.1153
9940.35785	0.1202
9960.15936	0.1249
9980.03992	0.1297
10000	0.1342
10020.04008	0.1387
10040.16064	0.1431
10060.36217	0.1472
10080.64516	0.1511
10101.0101	0.1548
10121.45749	0.1581
10141.98783	0.1612
10162.60163	0.1638
10183.29939	0.1661
10204.08163	0.1679
10224.94888	0.1691
10245.90164	0.1700
10266.94045	0.1703
10288.06584	0.1700
10309.27835	0.1688
10330.57851	0.1669
10351.96687	0.1638
10373.44398	0.1595
10395.0104	0.1542
10416.66667	0.1475
10438.41336	0.1395
10460.25105	0.1306
10482.18029	0.1209
10504.20168	0.1106
10526.31579	0.1001
10548.52321	0.08946
10570.82452	0.07929
10593.22034	0.06952
10615.71125	0.06066
10638.29787	0.05244
10660.98081	0.04485
10683.76068	0.03807
10706.63812	0.03187
10729.61373	0.02626
10752.68817	0.02135
10775.86207	0.01692
10799.13607	0.01285
10822.51082	0.009311
10845.98698	0.006216
10869.56522	0.003504
10893.24619	0.001118
10917.03057	-0.001057
10940.91904	-0.002719
10964.91228	-0.004130
10989.01099	-0.005475
11013.21586	-0.006554
11037.52759	-0.007376
11061.9469	-0.008226
11086.4745	-0.008954
11111.11111	-0.009579
11135.85746	-0.009938
11160.71429	-0.01061
11185.68233	-0.01119
11210.76233	-0.01139
11235.95506	-0.01219
11261.26126	-0.01278
11286.68172	-0.01325
11312.21719	-0.01365
11337.86848	-0.01421
11363.63636	-0.01474
11389.52164	-0.01506
11415.52511	-0.01542
11441.6476	-0.01600
11467.88991	-0.01636
11494.25287	-0.01672
11520.73733	-0.01711
11547.34411	-0.01737
11574.07407	-0.01771
11600.92807	-0.01773
11627.90698	-0.02679
11655.01166	-0.01722
11682.24299	-0.01779
11709.60187	-0.01716
11737.0892	-0.01804
11764.70588	-0.01908
11792.45283	-0.01800
11820.33097	-0.01847
11848.34123	-0.01906
11876.48456	-0.01942
11904.7619	-0.01968
11933.17422	-0.01995
11961.72249	-0.02014
11990.40767	-0.02085
12019.23077	-0.02100
12048.19277	-0.02266
12077.29469	-0.02343
12106.53753	-0.02520
12135.92233	-0.02524
12165.45012	-0.02596
12195.12195	-0.02593
12224.93888	-0.02681
12254.90196	-0.02686
12285.01229	-0.02717
12315.27094	-0.02703
12345.67901	-0.02701
12376.23762	-0.02724
12406.94789	-0.02687
12437.81095	-0.02702
12468.82793	-0.02664
12500	-0.02701
12531.32832	-0.02655
12562.81407	-0.02640
12594.45844	-0.02648
12626.26263	-0.02639
12658.22785	-0.02589
12690.35533	-0.02567
12722.64631	-0.02553
12755.10204	-0.02534
12787.72379	-0.02505
12820.51282	-0.02487
12853.47044	-0.02470
12886.59794	-0.02467
12919.89664	-0.02452
12953.36788	-0.02442
12987.01299	-0.02435
13020.83333	-0.02442
13054.83029	-0.02424
13089.00524	-0.02398
13123.35958	-0.02381
13157.89474	-0.02387
13192.61214	-0.02412
13227.51323	-0.02421
13262.59947	-0.02406
13297.87234	-0.02401
13333.33333	-0.02384
13368.98396	-0.02403
13404.82574	-0.02402
13440.86022	-0.02426
13477.08895	-0.02445
13513.51351	-0.02430
13550.1355	-0.02442
13586.95652	-0.02503
13623.9782	-0.02561
13661.20219	-0.02667
13698.63014	-0.02781
13736.26374	-0.02853
13774.10468	-0.02932
13812.1547	-0.02987
13850.41551	-0.03051
13888.88889	-0.03093
13927.5766	-0.03145
13966.48045	-0.03190
14005.60224	-0.03191
14044.94382	-0.03230
14084.50704	-0.03259
14124.29379	-0.03291
14164.30595	-0.03301
14204.54545	-0.03342
14245.01425	-0.03347
14285.71429	-0.03347
14326.64756	-0.03356
14367.81609	-0.03360
14409.2219	-0.03379
14450.86705	-0.03414
14492.75362	-0.03416
14534.88372	-0.03422
14577.25948	-0.03413
14619.88304	-0.03403
14662.7566	-0.03418
14705.88235	-0.03424
14749.26254	-0.03418
14792.89941	-0.03409
14836.79525	-0.03409
14880.95238	-0.03425
14925.37313	-0.03437
14970.05988	-0.03438
15015.01502	-0.03445
15060.24096	-0.03434
15105.74018	-0.03426
15151.51515	-0.03429
15197.56839	-0.03437
15243.90244	-0.03448
15290.51988	-0.03442
15337.42331	-0.03435
15384.61538	-0.03442
15432.09877	-0.03461
15479.87616	-0.03456
15527.95031	-0.03447
15576.32399	-0.03446
15625	-0.03455
15673.98119	-0.03459
15723.27044	-0.03447
15772.87066	-0.03448
15822.78481	-0.03455
15873.01587	-0.03460
15923.56688	-0.03463
15974.44089	-0.03466
16025.64103	-0.03465
16077.17042	-0.03451
16129.03226	-0.03444
16181.22977	-0.03452
16233.76623	-0.03447
16286.64495	-0.03450
16339.86928	-0.03453
16393.44262	-0.03455
16447.36842	-0.03441
16501.65017	-0.03443
16556.29139	-0.03458
16611.29568	-0.03450
16666.66667	-0.03463
16722.40803	-0.03485
16778.52349	-0.03491
16835.01684	-0.03494
16891.89189	-0.03481
16949.15254	-0.03474
17006.80272	-0.03488
17064.84642	-0.03505
17123.28767	-0.03506
17182.13058	-0.03505
17241.37931	-0.03529
17301.03806	-0.03516
17361.11111	-0.03518
17421.60279	-0.03524
17482.51748	-0.03526
17543.85965	-0.03508
17605.6338	-0.03509
17667.84452	-0.03518
17730.49645	-0.03535
17793.59431	-0.03522
17857.14286	-0.03506
17921.14695	-0.03522
17985.61151	-0.03528
18050.54152	-0.03535
18115.94203	-0.03525
18181.81818	-0.03517
18248.17518	-0.03515
18315.01832	-0.03501
18382.35294	-0.03510
18450.1845	-0.03514
18518.51852	-0.03502
18587.36059	-0.03510
18656.71642	-0.03513
18726.59176	-0.03516
18796.99248	-0.03498
18867.92453	-0.03498
18939.39394	-0.03502
19011.40684	-0.03493
19083.96947	-0.03492
19157.08812	-0.03498
19230.76923	-0.03488
19305.01931	-0.03490
19379.84496	-0.03501
19455.25292	-0.03488
19531.25	-0.03487
19607.84314	-0.03476
19685.03937	-0.03457
19762.84585	-0.03459
19841.26984	-0.03467
19920.31873	-0.03471
20000	-0.03460
20080.32129	-0.03440
20161.29032	-0.03452
20242.91498	-0.03456
20325.20325	-0.03450
20408.16327	-0.03466
20491.80328	-0.03454
20576.13169	-0.03448
20661.15702	-0.03439
20746.88797	-0.03469
20833.33333	-0.03441
20920.50209	-0.03435
21008.40336	-0.03441
21097.04641	-0.03417
21186.44068	-0.03428
21276.59574	-0.03428
21367.52137	-0.03406
21459.22747	-0.03402
21551.72414	-0.03414
21645.02165	-0.03402
21739.13043	-0.03417
21834.06114	-0.03439
21929.82456	-0.03421
22026.43172	-0.03428
22123.89381	-0.03404
22222.22222	-0.03396
22321.42857	-0.03406
22421.52466	-0.03387
22522.52252	-0.03402
22624.43439	-0.03394
22727.27273	-0.03389
22831.05023	-0.03393
22935.77982	-0.03401
23041.47465	-0.03394
23148.14815	-0.03357
23255.81395	-0.03385
23364.48598	-0.03379
23474.1784	-0.03372
23584.90566	-0.03366
23696.68246	-0.03361
23809.52381	-0.03344
23923.44498	-0.03346
24038.46154	-0.03356
24154.58937	-0.03335
24271.84466	-0.03340
24390.2439	-0.03350
24509.80392	-0.03321
24630.54187	-0.03323
24752.47525	-0.03300
24875.62189	-0.03317
25000	-0.03323
25125.62814	-0.03312
25252.52525	-0.03315
25380.71066	-0.03265
25510.20408	-0.03291
25641.02564	-0.03272
25773.19588	-0.03269
25906.73575	-0.03257
26041.66667	-0.03265
26178.01047	-0.03267
26315.78947	-0.03252
26455.02646	-0.03233
26595.74468	-0.03229
26737.96791	-0.03237
26881.72043	-0.03221
27027.02703	-0.03208
27173.91304	-0.03196
27322.40437	-0.03180
27472.52747	-0.03182
27624.30939	-0.03164
27777.77778	-0.03167
27932.96089	-0.03148
28089.88764	-0.03146
28248.58757	-0.03144
28409.09091	-0.03129
28571.42857	-0.03123
28735.63218	-0.03095
28901.7341	-0.03070
29069.76744	-0.03077
29239.76608	-0.03044
29411.76471	-0.03033
29585.79882	-0.03039
29761.90476	-0.03040
29940.11976	-0.03031
30120.48193	-0.03014
30303.0303	-0.02999
30487.80488	-0.02933
30674.84663	-0.02950
30864.19753	-0.02948
31055.90062	-0.02958
31250	-0.02906
31446.54088	-0.02912
31645.56962	-0.02813
31847.13376	-0.02817
32051.28205	-0.02804
32258.06452	-0.02776
32467.53247	-0.02764
32679.73856	-0.02786
32894.73684	-0.02763
33112.58278	-0.02731
33333.33333	-0.02705
33557.04698	-0.02667
33783.78378	-0.02638
34013.60544	-0.02625
34246.57534	-0.02593
34482.75862	-0.02575
34722.22222	-0.02553
34965.03497	-0.02469
35211.26761	-0.02444
35460.99291	-0.02436
35714.28571	-0.02351
35971.22302	-0.02354
36231.88406	-0.02310
36496.35036	-0.02278
36764.70588	-0.02272
37037.03704	-0.02288
37313.43284	-0.02249
37593.98496	-0.02218
37878.78788	-0.02192
38167.93893	-0.02158
38461.53846	-0.02129
38759.68992	-0.02108
39062.5	-0.02071
39370.07874	-0.02033
39682.53968	-0.01996
40000	-0.01916
40322.58065	-0.01843
40650.4065	-0.01773
40983.60656	-0.01706
41322.31405	-0.01621
41666.66667	-0.01547
42016.80672	-0.01437
42372.88136	-0.01361
42735.04274	-0.01299
43103.44828	-0.01177
43478.26087	-0.01082
43859.64912	-0.009938
44247.78761	-0.008517
44642.85714	-0.007231
45045.04505	-0.005460
45454.54545	-0.003924
45871.55963	-0.001836
46296.2963	-1.620E-4
46728.97196	3.800E-4
47169.81132	-0.001595
47619.04762	0.03680
48076.92308	0.2097
48543.68932	3.931
49019.60784	3.931
49504.9505	3.931
50000	3.931
	-0.06918
