	A
	
	Cyclohexane.Sample.Raw.csv
3773.58491	3.941
3780.71834	3.941
3787.87879	3.941
3795.06641	3.941
3802.28137	3.941
3809.52381	3.941
3816.79389	3.941
3824.09178	3.941
3831.41762	3.941
3838.77159	3.941
3846.15385	3.941
3853.56455	3.941
3861.00386	3.941
3868.47195	3.941
3875.96899	3.941
3883.49515	3.941
3891.05058	3.941
3898.63548	3.941
3906.25	3.941
3913.89432	3.941
3921.56863	3.941
3929.27308	3.941
3937.00787	3.941
3944.77318	3.941
3952.56917	3.941
3960.39604	3.941
3968.25397	3.941
3976.14314	3.941
3984.06375	3.941
3992.01597	3.941
4000	3.941
4008.01603	3.941
4016.06426	3.941
4024.14487	3.941
4032.25806	3.941
4040.40404	3.941
4048.583	3.941
4056.79513	3.941
4065.04065	3.941
4073.31976	3.941
4081.63265	3.941
4089.97955	3.941
4098.36066	3.941
4106.77618	3.941
4115.22634	3.941
4123.71134	3.941
4132.2314	3.941
4140.78675	3.941
4149.37759	3.941
4158.00416	3.941
4166.66667	3.941
4175.36534	3.941
4184.10042	3.941
4192.87212	3.941
4201.68067	3.941
4210.52632	3.941
4219.40928	3.941
4228.32981	3.941
4237.28814	3.941
4246.2845	3.941
4255.31915	3.941
4264.39232	3.941
4273.50427	3.941
4282.65525	3.941
4291.84549	3.941
4301.07527	3.941
4310.34483	3.941
4319.65443	3.941
4329.00433	3.941
4338.39479	3.941
4347.82609	3.941
4357.29847	3.941
4366.81223	3.941
4376.36761	3.941
4385.96491	3.733
4395.6044	3.399
4405.28634	2.968
4415.01104	2.472
4424.77876	1.972
4434.5898	1.528
4444.44444	1.198
4454.34298	1.063
4464.28571	0.9601
4474.27293	0.8531
4484.30493	0.7878
4494.38202	0.7652
4504.5045	0.7547
4514.67269	0.7222
4524.88688	0.6894
4535.14739	0.6738
4545.45455	0.6664
4555.80866	0.6685
4566.21005	0.6697
4576.65904	0.6525
4587.15596	0.6287
4597.70115	0.6208
4608.29493	0.6084
4618.93764	0.5730
4629.62963	0.5376
4640.37123	0.5100
4651.16279	0.4928
4662.00466	0.4825
4672.8972	0.4763
4683.84075	0.4748
4694.83568	0.4924
4705.88235	0.5109
4716.98113	0.5323
4728.13239	0.5368
4739.33649	0.5438
4750.59382	0.5488
4761.90476	0.5666
4773.26969	0.5997
4784.689	0.6305
4796.16307	0.6532
4807.69231	0.6721
4819.27711	0.6714
4830.91787	0.6441
4842.61501	0.6196
4854.36893	0.6235
4866.18005	0.6320
4878.04878	0.6271
4889.97555	0.6214
4901.96078	0.5939
4914.00491	0.5621
4926.10837	0.5478
4938.2716	0.5540
4950.49505	0.5748
4962.77916	0.6476
4975.12438	0.7299
4987.53117	0.8025
5000	0.8886
5012.53133	0.9748
5025.12563	1.018
5037.78338	1.022
5050.50505	1.010
5063.29114	0.9690
5076.14213	0.9023
5089.05852	0.8398
5102.04082	0.7891
5115.08951	0.8030
5128.20513	0.8659
5141.38817	0.9131
5154.63918	0.9247
5167.95866	0.9218
5181.34715	0.9042
5194.80519	0.8505
5208.33333	0.7994
5221.93211	0.7822
5235.60209	0.8388
5249.34383	0.9586
5263.15789	1.037
5277.04485	1.047
5291.00529	1.025
5305.03979	0.9885
5319.14894	0.9325
5333.33333	0.8646
5347.59358	0.7982
5361.93029	0.7649
5376.34409	0.7787
5390.83558	0.8434
5405.40541	0.9183
5420.0542	0.9926
5434.78261	1.123
5449.59128	1.329
5464.48087	1.587
5479.45205	1.833
5494.50549	1.975
5509.64187	2.085
5524.86188	2.165
5540.1662	2.213
5555.55556	2.097
5561.73526	2.079
5567.92873	2.069
5574.13601	2.066
5580.35714	2.069
5586.59218	2.077
5592.84116	2.091
5599.10414	2.106
5605.38117	2.129
5611.67228	2.162
5617.97753	2.191
5624.29696	2.232
5630.63063	2.278
5636.97858	2.333
5643.34086	2.397
5649.71751	2.474
5656.1086	2.566
5662.51416	2.662
5668.93424	2.784
5675.3689	2.901
5681.81818	3.081
5688.28214	3.224
5694.76082	3.321
5701.25428	3.286
5707.76256	3.127
5714.28571	2.991
5720.8238	2.868
5727.37686	2.784
5733.94495	2.714
5740.52813	2.669
5747.12644	2.648
5753.73993	2.651
5760.36866	2.703
5767.01269	2.769
5773.67206	2.858
5780.34682	2.978
5787.03704	3.132
5793.74276	3.334
5800.46404	3.601
5807.20093	3.860
5813.95349	4.164
5820.72177	4.300
5827.50583	3.718
5834.30572	3.168
5841.1215	2.661
5847.95322	2.250
5854.80094	1.920
5861.66471	1.642
5868.5446	1.409
5875.44066	1.212
5882.35294	1.041
5889.28151	0.8943
5896.22642	0.7695
5903.18772	0.6601
5910.16548	0.5662
5917.15976	0.4856
5924.17062	0.4168
5931.1981	0.3584
5938.24228	0.3093
5945.30321	0.2682
5952.38095	0.2339
5959.47557	0.2056
5966.58711	0.1825
5973.71565	0.1638
5980.86124	0.1491
5988.02395	0.1375
5995.20384	0.1288
6002.40096	0.1223
6009.61538	0.1175
6016.84717	0.1141
6024.09639	0.1114
6031.36309	0.1090
6038.64734	0.1068
6045.94921	0.1041
6053.26877	0.1011
6060.60606	0.09733
6067.96117	0.09306
6075.33414	0.08832
6082.72506	0.08319
6090.13398	0.07792
6097.56098	0.07279
6105.00611	0.06804
6112.46944	0.06383
6119.95104	0.06038
6127.45098	0.05777
6134.96933	0.05604
6142.50614	0.05509
6150.0615	0.05483
6157.63547	0.05526
6165.22811	0.05625
6172.83951	0.05737
6180.46972	0.05861
6188.11881	0.05976
6195.78686	0.06052
6203.47395	0.06093
6211.18012	0.06083
6218.90547	0.06012
6226.65006	0.05891
6234.41397	0.05730
6242.19725	0.05563
6250	0.05406
6257.82228	0.05265
6265.66416	0.05158
6273.52572	0.05084
6281.40704	0.05031
6289.30818	0.04988
6297.22922	0.04948
6305.17024	0.04899
6313.13131	0.04826
6321.11252	0.04719
6329.11392	0.04580
6337.13561	0.04409
6345.17766	0.04220
6353.24015	0.04033
6361.32316	0.03855
6369.42675	0.03684
6377.55102	0.03528
6385.69604	0.03398
6393.86189	0.03307
6402.04866	0.03263
6410.25641	0.03281
6418.48524	0.03358
6426.73522	0.03492
6435.00644	0.03682
6443.29897	0.03922
6451.6129	0.04191
6459.94832	0.04468
6468.3053	0.04725
6476.68394	0.04960
6485.08431	0.05161
6493.50649	0.05338
6501.95059	0.05520
6510.41667	0.05730
6518.90482	0.05988
6527.41514	0.06308
6535.94771	0.06710
6544.50262	0.07201
6553.07995	0.07756
6561.67979	0.08335
6570.30223	0.08900
6578.94737	0.09404
6587.61528	0.09813
6596.30607	0.1013
6605.01982	0.1035
6613.75661	0.1045
6622.51656	0.1047
6631.29973	0.1046
6640.10624	0.1046
6648.93617	0.1052
6657.78961	0.1069
6666.66667	0.1099
6675.56742	0.1140
6684.49198	0.1192
6693.44043	0.1253
6702.41287	0.1317
6711.4094	0.1382
6720.43011	0.1441
6729.4751	0.1490
6738.54447	0.1529
6747.63833	0.1558
6756.75676	0.1578
6765.89986	0.1594
6775.06775	0.1608
6784.26052	0.1624
6793.47826	0.1643
6802.72109	0.1666
6811.9891	0.1698
6821.2824	0.1734
6830.60109	0.1778
6839.94528	0.1831
6849.31507	0.1897
6858.71056	0.1977
6868.13187	0.2072
6877.57909	0.2181
6887.05234	0.2304
6896.55172	0.2440
6906.07735	0.2585
6915.62932	0.2730
6925.20776	0.2864
6934.81276	0.2982
6944.44444	0.3082
6954.10292	0.3166
6963.7883	0.3234
6973.5007	0.3290
6983.24022	0.3341
6993.00699	0.3401
7002.80112	0.3479
7012.62272	0.3575
7022.47191	0.3681
7032.3488	0.3793
7042.25352	0.3905
7052.18618	0.4009
7062.14689	0.4094
7072.13579	0.4139
7082.15297	0.4129
7092.19858	0.4073
7102.27273	0.3995
7112.37553	0.3921
7122.50712	0.3867
7132.66762	0.3846
7142.85714	0.3860
7153.07582	0.3901
7163.32378	0.3967
7173.60115	0.4040
7183.90805	0.4083
7194.2446	0.4059
7204.61095	0.3938
7215.00722	0.3719
7225.43353	0.3413
7235.89001	0.3056
7246.37681	0.2677
7256.89405	0.2310
7267.44186	0.1959
7278.02038	0.1637
7288.62974	0.1352
7299.27007	0.1107
7309.94152	0.08951
7320.64422	0.07173
7331.3783	0.05666
7342.14391	0.04406
7352.94118	0.03338
7363.77025	0.02482
7374.63127	0.01788
7385.52437	0.01247
7396.4497	0.008437
7407.40741	0.005379
7418.39763	0.003236
7429.42051	0.001683
7440.47619	6.080E-4
7451.56483	-2.220E-4
7462.68657	-6.810E-4
7473.84155	-9.010E-4
7485.02994	-9.740E-4
7496.25187	-8.180E-4
7507.50751	-6.600E-4
7518.79699	-4.450E-4
7530.12048	5.100E-5
7541.47813	6.830E-4
7552.87009	0.001195
7564.29652	0.002039
7575.75758	0.002898
7587.25341	0.003923
7598.78419	0.005170
7610.35008	0.006240
7621.95122	0.007489
7633.58779	0.008735
7645.25994	0.009952
7656.96784	0.01117
7668.71166	0.01249
7680.49155	0.01384
7692.30769	0.01526
7704.16025	0.01677
7716.04938	0.01862
7727.97527	0.02055
7739.93808	0.02279
7751.93798	0.02507
7763.97516	0.02765
7776.04977	0.03028
7788.16199	0.03300
7800.31201	0.03589
7812.5	0.03870
7824.72613	0.04161
7836.9906	0.04470
7849.29356	0.04796
7861.63522	0.05134
7874.01575	0.05490
7886.43533	0.05869
7898.89415	0.06289
7911.39241	0.06746
7923.93027	0.07266
7936.50794	0.07837
7949.1256	0.08490
7961.78344	0.09281
7974.48166	0.1021
7987.22045	0.1126
8000	0.1246
8012.82051	0.1382
8025.68218	0.1531
8038.58521	0.1696
8051.52979	0.1876
8064.51613	0.2075
8077.54443	0.2295
8090.61489	0.2546
8103.72771	0.2837
8116.88312	0.3175
8130.0813	0.3570
8143.32248	0.4028
8156.60685	0.4554
8169.93464	0.5151
8183.30606	0.5813
8196.72131	0.6523
8210.18062	0.7252
8223.68421	0.7978
8237.23229	0.8651
8250.82508	0.9231
8264.46281	0.9667
8278.1457	0.9909
8291.87396	0.9939
8305.64784	0.9785
8319.46755	0.9496
8333.33333	0.9124
8347.24541	0.8689
8361.20401	0.8192
8375.20938	0.7656
8389.26174	0.7098
8403.36134	0.6532
8417.50842	0.5980
8431.7032	0.5448
8445.94595	0.4916
8460.23689	0.4404
8474.57627	0.3934
8488.96435	0.3512
8503.40136	0.3134
8517.88756	0.2805
8532.42321	0.2520
8547.00855	0.2268
8561.64384	0.2043
8576.32933	0.1840
8591.06529	0.1653
8605.85198	0.1473
8620.68966	0.1298
8635.57858	0.1124
8650.51903	0.09498
8665.51127	0.07834
8680.55556	0.06281
8695.65217	0.04858
8710.80139	0.03601
8726.00349	0.02525
8741.25874	0.01604
8756.56743	0.008358
8771.92982	0.002160
8787.34622	-0.002860
8802.8169	-0.006919
8818.34215	-0.01017
8833.92226	-0.01283
8849.55752	-0.01510
8865.24823	-0.01689
8880.99467	-0.01826
8896.79715	-0.01927
8912.65597	-0.01993
8928.57143	-0.02044
8944.54383	-0.02068
8960.57348	-0.02083
8976.66068	-0.02081
8992.80576	-0.02068
9009.00901	-0.02044
9025.27076	-0.02011
9041.59132	-0.01983
9057.97101	-0.01946
9074.41016	-0.01907
9090.90909	-0.01871
9107.46812	-0.01834
9124.08759	-0.01799
9140.76782	-0.01774
9157.50916	-0.01751
9174.31193	-0.01723
9191.17647	-0.01692
9208.10313	-0.01658
9225.09225	-0.01624
9242.14418	-0.01584
9259.25926	-0.01537
9276.43785	-0.01485
9293.6803	-0.01441
9310.98696	-0.01375
9328.35821	-0.01314
9345.79439	-0.01242
9363.29588	-0.01169
9380.86304	-0.01092
9398.49624	-0.01019
9416.19586	-0.009471
9433.96226	-0.008760
9451.79584	-0.008057
9469.69697	-0.007304
9487.66603	-0.006620
9505.70342	-0.005954
9523.80952	-0.005300
9541.98473	-0.004662
9560.22945	-0.004119
9578.54406	-0.003639
9596.92898	-0.003376
9615.38462	-0.003217
9633.91137	-0.003210
9652.50965	-0.003395
9671.17988	-0.003828
9689.92248	-0.004296
9708.73786	-0.005006
9727.62646	-0.005834
9746.58869	-0.006749
9765.625	-0.007733
9784.73581	-0.008675
9803.92157	-0.009701
9823.18271	-0.01076
9842.51969	-0.01184
9861.93294	-0.01312
9881.42292	-0.01431
9900.9901	-0.01562
9920.63492	-0.01685
9940.35785	-0.01824
9960.15936	-0.01963
9980.03992	-0.02076
10000	-0.02201
10020.04008	-0.02293
10040.16064	-0.02390
10060.36217	-0.02479
10080.64516	-0.02549
10101.0101	-0.02616
10121.45749	-0.02664
10141.98783	-0.02700
10162.60163	-0.02729
10183.29939	-0.02740
10204.08163	-0.02746
10224.94888	-0.02746
10245.90164	-0.02733
10266.94045	-0.02700
10288.06584	-0.02667
10309.27835	-0.02623
10330.57851	-0.02568
10351.96687	-0.02501
10373.44398	-0.02436
10395.0104	-0.02338
10416.66667	-0.02230
10438.41336	-0.02111
10460.25105	-0.01942
10482.18029	-0.01729
10504.20168	-0.01486
10526.31579	-0.01156
10548.52321	-0.007848
10570.82452	-0.003373
10593.22034	0.001728
10615.71125	0.007437
10638.29787	0.01328
10660.98081	0.01967
10683.76068	0.02599
10706.63812	0.03180
10729.61373	0.03704
10752.68817	0.04154
10775.86207	0.04487
10799.13607	0.04694
10822.51082	0.04750
10845.98698	0.04646
10869.56522	0.04376
10893.24619	0.04002
10917.03057	0.03484
10940.91904	0.02934
10964.91228	0.02337
10989.01099	0.01710
11013.21586	0.01098
11037.52759	0.005266
11061.9469	3.280E-4
11086.4745	-0.004040
11111.11111	-0.007558
11135.85746	-0.01056
11160.71429	-0.01343
11185.68233	-0.01542
11210.76233	-0.01720
11235.95506	-0.01911
11261.26126	-0.02051
11286.68172	-0.02181
11312.21719	-0.02302
11337.86848	-0.02411
11363.63636	-0.02500
11389.52164	-0.02582
11415.52511	-0.02634
11441.6476	-0.02704
11467.88991	-0.02717
11494.25287	-0.02781
11520.73733	-0.02806
11547.34411	-0.02812
11574.07407	-0.02873
11600.92807	-0.02854
11627.90698	-0.04844
11655.01166	-0.02838
11682.24299	-0.02905
11709.60187	-0.02794
11737.0892	-0.02894
11764.70588	-0.02882
11792.45283	-0.02898
11820.33097	-0.02884
11848.34123	-0.02845
11876.48456	-0.02887
11904.7619	-0.02919
11933.17422	-0.02888
11961.72249	-0.02870
11990.40767	-0.02961
12019.23077	-0.02865
12048.19277	-0.02879
12077.29469	-0.02895
12106.53753	-0.02934
12135.92233	-0.02878
12165.45012	-0.02941
12195.12195	-0.02913
12224.93888	-0.02951
12254.90196	-0.02937
12285.01229	-0.03008
12315.27094	-0.03007
12345.67901	-0.02989
12376.23762	-0.03073
12406.94789	-0.03028
12437.81095	-0.03061
12468.82793	-0.03060
12500	-0.03087
12531.32832	-0.03043
12562.81407	-0.03061
12594.45844	-0.03070
12626.26263	-0.03073
12658.22785	-0.03083
12690.35533	-0.03050
12722.64631	-0.03067
12755.10204	-0.03065
12787.72379	-0.03020
12820.51282	-0.02987
12853.47044	-0.03004
12886.59794	-0.02985
12919.89664	-0.02944
12953.36788	-0.02851
12987.01299	-0.02748
13020.83333	-0.02628
13054.83029	-0.02537
13089.00524	-0.02518
13123.35958	-0.02481
13157.89474	-0.02431
13192.61214	-0.02374
13227.51323	-0.02307
13262.59947	-0.02352
13297.87234	-0.02458
13333.33333	-0.02568
13368.98396	-0.02669
13404.82574	-0.02744
13440.86022	-0.02824
13477.08895	-0.02873
13513.51351	-0.02911
13550.1355	-0.02940
13586.95652	-0.02982
13623.9782	-0.02993
13661.20219	-0.03022
13698.63014	-0.03044
13736.26374	-0.03049
13774.10468	-0.03065
13812.1547	-0.03045
13850.41551	-0.03073
13888.88889	-0.03080
13927.5766	-0.03097
13966.48045	-0.03100
14005.60224	-0.03078
14044.94382	-0.03091
14084.50704	-0.03078
14124.29379	-0.03081
14164.30595	-0.03079
14204.54545	-0.03091
14245.01425	-0.03080
14285.71429	-0.03077
14326.64756	-0.03072
14367.81609	-0.03069
14409.2219	-0.03084
14450.86705	-0.03128
14492.75362	-0.03113
14534.88372	-0.03099
14577.25948	-0.03082
14619.88304	-0.03072
14662.7566	-0.03086
14705.88235	-0.03093
14749.26254	-0.03091
14792.89941	-0.03087
14836.79525	-0.03097
14880.95238	-0.03107
14925.37313	-0.03097
14970.05988	-0.03118
15015.01502	-0.03111
15060.24096	-0.03090
15105.74018	-0.03074
15151.51515	-0.03072
15197.56839	-0.03069
15243.90244	-0.03051
15290.51988	-0.03025
15337.42331	-0.03019
15384.61538	-0.03008
15432.09877	-0.03011
15479.87616	-0.03003
15527.95031	-0.03005
15576.32399	-0.03016
15625	-0.03023
15673.98119	-0.03038
15723.27044	-0.03045
15772.87066	-0.03048
15822.78481	-0.03055
15873.01587	-0.03073
15923.56688	-0.03081
15974.44089	-0.03078
16025.64103	-0.03062
16077.17042	-0.03061
16129.03226	-0.03066
16181.22977	-0.03065
16233.76623	-0.03064
16286.64495	-0.03062
16339.86928	-0.03070
16393.44262	-0.03080
16447.36842	-0.03065
16501.65017	-0.03060
16556.29139	-0.03068
16611.29568	-0.03056
16666.66667	-0.03067
16722.40803	-0.03074
16778.52349	-0.03063
16835.01684	-0.03071
16891.89189	-0.03067
16949.15254	-0.03047
17006.80272	-0.03045
17064.84642	-0.03051
17123.28767	-0.03053
17182.13058	-0.03058
17241.37931	-0.03066
17301.03806	-0.03054
17361.11111	-0.03046
17421.60279	-0.03031
17482.51748	-0.03047
17543.85965	-0.03043
17605.6338	-0.03034
17667.84452	-0.03052
17730.49645	-0.03052
17793.59431	-0.03034
17857.14286	-0.03027
17921.14695	-0.03031
17985.61151	-0.03045
18050.54152	-0.03054
18115.94203	-0.03042
18181.81818	-0.03014
18248.17518	-0.03016
18315.01832	-0.03029
18382.35294	-0.03029
18450.1845	-0.03031
18518.51852	-0.03038
18587.36059	-0.03035
18656.71642	-0.03030
18726.59176	-0.03038
18796.99248	-0.03007
18867.92453	-0.03006
18939.39394	-0.03016
19011.40684	-0.03013
19083.96947	-0.03021
19157.08812	-0.03019
19230.76923	-0.03000
19305.01931	-0.02999
19379.84496	-0.03010
19455.25292	-0.02992
19531.25	-0.03013
19607.84314	-0.02989
19685.03937	-0.02972
19762.84585	-0.02973
19841.26984	-0.02984
19920.31873	-0.02981
20000	-0.02971
20080.32129	-0.02943
20161.29032	-0.02951
20242.91498	-0.02957
20325.20325	-0.02969
20408.16327	-0.02969
20491.80328	-0.02942
20576.13169	-0.02935
20661.15702	-0.02941
20746.88797	-0.02954
20833.33333	-0.02919
20920.50209	-0.02914
21008.40336	-0.02928
21097.04641	-0.02908
21186.44068	-0.02925
21276.59574	-0.02912
21367.52137	-0.02888
21459.22747	-0.02894
21551.72414	-0.02909
21645.02165	-0.02889
21739.13043	-0.02900
21834.06114	-0.02904
21929.82456	-0.02873
22026.43172	-0.02879
22123.89381	-0.02878
22222.22222	-0.02868
22321.42857	-0.02856
22421.52466	-0.02835
22522.52252	-0.02857
22624.43439	-0.02838
22727.27273	-0.02834
22831.05023	-0.02833
22935.77982	-0.02831
23041.47465	-0.02839
23148.14815	-0.02792
23255.81395	-0.02802
23364.48598	-0.02792
23474.1784	-0.02788
23584.90566	-0.02794
23696.68246	-0.02778
23809.52381	-0.02742
23923.44498	-0.02770
24038.46154	-0.02777
24154.58937	-0.02752
24271.84466	-0.02756
24390.2439	-0.02738
24509.80392	-0.02718
24630.54187	-0.02712
24752.47525	-0.02702
24875.62189	-0.02692
25000	-0.02692
25125.62814	-0.02667
25252.52525	-0.02686
25380.71066	-0.02648
25510.20408	-0.02647
25641.02564	-0.02633
25773.19588	-0.02622
25906.73575	-0.02623
26041.66667	-0.02591
26178.01047	-0.02577
26315.78947	-0.02551
26455.02646	-0.02542
26595.74468	-0.02471
26737.96791	-0.02507
26881.72043	-0.02457
27027.02703	-0.02475
27173.91304	-0.02439
27322.40437	-0.02392
27472.52747	-0.02379
27624.30939	-0.02348
27777.77778	-0.02289
27932.96089	-0.02275
28089.88764	-0.02268
28248.58757	-0.02186
28409.09091	-0.02154
28571.42857	-0.02157
28735.63218	-0.02089
28901.7341	-0.02043
29069.76744	-0.02025
29239.76608	-0.01951
29411.76471	-0.01862
29585.79882	-0.01764
29761.90476	-0.01645
29940.11976	-0.01585
30120.48193	-0.01451
30303.0303	-0.01338
30487.80488	-0.01132
30674.84663	-0.01006
30864.19753	-0.008930
31055.90062	-0.007416
31250	-0.005905
31446.54088	-0.004942
31645.56962	-0.003683
31847.13376	-0.001970
32051.28205	8.480E-4
32258.06452	0.003248
32467.53247	0.005861
32679.73856	0.009350
32894.73684	0.01310
33112.58278	0.01789
33333.33333	0.02240
33557.04698	0.02833
33783.78378	0.03413
34013.60544	0.04166
34246.57534	0.04974
34482.75862	0.06203
34722.22222	0.08171
34965.03497	0.09639
35211.26761	0.1057
35460.99291	0.1107
35714.28571	0.1155
35971.22302	0.1272
36231.88406	0.1387
36496.35036	0.1429
36764.70588	0.1389
37037.03704	0.1356
37313.43284	0.1420
37593.98496	0.1462
37878.78788	0.1475
38167.93893	0.1500
38461.53846	0.1532
38759.68992	0.1564
39062.5	0.1639
39370.07874	0.1694
39682.53968	0.1701
40000	0.1756
40322.58065	0.1828
40650.4065	0.1904
40983.60656	0.2044
41322.31405	0.2238
41666.66667	0.2528
42016.80672	0.2936
42372.88136	0.3445
42735.04274	0.4055
43103.44828	0.4748
43478.26087	0.5541
43859.64912	0.6496
44247.78761	0.7960
44642.85714	1.080
45045.04505	1.494
45454.54545	1.578
45871.55963	1.589
46296.2963	1.669
46728.97196	1.735
47169.81132	1.874
47619.04762	2.358
48076.92308	3.941
48543.68932	3.941
49019.60784	3.941
49504.9505	3.941
50000	3.941

