	A
	
	Cyclohexane.Sample.Raw.csv
2650	3.941
2645	3.941
2640	3.941
2635	3.941
2630	3.941
2625	3.941
2620	3.941
2615	3.941
2610	3.941
2605	3.941
2600	3.941
2595	3.941
2590	3.941
2585	3.941
2580	3.941
2575	3.941
2570	3.941
2565	3.941
2560	3.941
2555	3.941
2550	3.941
2545	3.941
2540	3.941
2535	3.941
2530	3.941
2525	3.941
2520	3.941
2515	3.941
2510	3.941
2505	3.941
2500	3.941
2495	3.941
2490	3.941
2485	3.941
2480	3.941
2475	3.941
2470	3.941
2465	3.941
2460	3.941
2455	3.941
2450	3.941
2445	3.941
2440	3.941
2435	3.941
2430	3.941
2425	3.941
2420	3.941
2415	3.941
2410	3.941
2405	3.941
2400	3.941
2395	3.941
2390	3.941
2385	3.941
2380	3.941
2375	3.941
2370	3.941
2365	3.941
2360	3.941
2355	3.941
2350	3.941
2345	3.941
2340	3.941
2335	3.941
2330	3.941
2325	3.941
2320	3.941
2315	3.941
2310	3.941
2305	3.941
2300	3.941
2295	3.941
2290	3.941
2285	3.941
2280	3.733
2275	3.399
2270	2.968
2265	2.472
2260	1.972
2255	1.528
2250	1.198
2245	1.063
2240	0.9601
2235	0.8531
2230	0.7878
2225	0.7652
2220	0.7547
2215	0.7222
2210	0.6894
2205	0.6738
2200	0.6664
2195	0.6685
2190	0.6697
2185	0.6525
2180	0.6287
2175	0.6208
2170	0.6084
2165	0.5730
2160	0.5376
2155	0.5100
2150	0.4928
2145	0.4825
2140	0.4763
2135	0.4748
2130	0.4924
2125	0.5109
2120	0.5323
2115	0.5368
2110	0.5438
2105	0.5488
2100	0.5666
2095	0.5997
2090	0.6305
2085	0.6532
2080	0.6721
2075	0.6714
2070	0.6441
2065	0.6196
2060	0.6235
2055	0.6320
2050	0.6271
2045	0.6214
2040	0.5939
2035	0.5621
2030	0.5478
2025	0.5540
2020	0.5748
2015	0.6476
2010	0.7299
2005	0.8025
2000	0.8886
1995	0.9748
1990	1.018
1985	1.022
1980	1.010
1975	0.9690
1970	0.9023
1965	0.8398
1960	0.7891
1955	0.8030
1950	0.8659
1945	0.9131
1940	0.9247
1935	0.9218
1930	0.9042
1925	0.8505
1920	0.7994
1915	0.7822
1910	0.8388
1905	0.9586
1900	1.037
1895	1.047
1890	1.025
1885	0.9885
1880	0.9325
1875	0.8646
1870	0.7982
1865	0.7649
1860	0.7787
1855	0.8434
1850	0.9183
1845	0.9926
1840	1.123
1835	1.329
1830	1.587
1825	1.833
1820	1.975
1815	2.085
1810	2.165
1805	2.213
1800	2.097
1798	2.079
1796	2.069
1794	2.066
1792	2.069
1790	2.077
1788	2.091
1786	2.106
1784	2.129
1782	2.162
1780	2.191
1778	2.232
1776	2.278
1774	2.333
1772	2.397
1770	2.474
1768	2.566
1766	2.662
1764	2.784
1762	2.901
1760	3.081
1758	3.224
1756	3.321
1754	3.286
1752	3.127
1750	2.991
1748	2.868
1746	2.784
1744	2.714
1742	2.669
1740	2.648
1738	2.651
1736	2.703
1734	2.769
1732	2.858
1730	2.978
1728	3.132
1726	3.334
1724	3.601
1722	3.860
1720	4.164
1718	4.300
1716	3.718
1714	3.168
1712	2.661
1710	2.250
1708	1.920
1706	1.642
1704	1.409
1702	1.212
1700	1.041
1698	0.8943
1696	0.7695
1694	0.6601
1692	0.5662
1690	0.4856
1688	0.4168
1686	0.3584
1684	0.3093
1682	0.2682
1680	0.2339
1678	0.2056
1676	0.1825
1674	0.1638
1672	0.1491
1670	0.1375
1668	0.1288
1666	0.1223
1664	0.1175
1662	0.1141
1660	0.1114
1658	0.1090
1656	0.1068
1654	0.1041
1652	0.1011
1650	0.09733
1648	0.09306
1646	0.08832
1644	0.08319
1642	0.07792
1640	0.07279
1638	0.06804
1636	0.06383
1634	0.06038
1632	0.05777
1630	0.05604
1628	0.05509
1626	0.05483
1624	0.05526
1622	0.05625
1620	0.05737
1618	0.05861
1616	0.05976
1614	0.06052
1612	0.06093
1610	0.06083
1608	0.06012
1606	0.05891
1604	0.05730
1602	0.05563
1600	0.05406
1598	0.05265
1596	0.05158
1594	0.05084
1592	0.05031
1590	0.04988
1588	0.04948
1586	0.04899
1584	0.04826
1582	0.04719
1580	0.04580
1578	0.04409
1576	0.04220
1574	0.04033
1572	0.03855
1570	0.03684
1568	0.03528
1566	0.03398
1564	0.03307
1562	0.03263
1560	0.03281
1558	0.03358
1556	0.03492
1554	0.03682
1552	0.03922
1550	0.04191
1548	0.04468
1546	0.04725
1544	0.04960
1542	0.05161
1540	0.05338
1538	0.05520
1536	0.05730
1534	0.05988
1532	0.06308
1530	0.06710
1528	0.07201
1526	0.07756
1524	0.08335
1522	0.08900
1520	0.09404
1518	0.09813
1516	0.1013
1514	0.1035
1512	0.1045
1510	0.1047
1508	0.1046
1506	0.1046
1504	0.1052
1502	0.1069
1500	0.1099
1498	0.1140
1496	0.1192
1494	0.1253
1492	0.1317
1490	0.1382
1488	0.1441
1486	0.1490
1484	0.1529
1482	0.1558
1480	0.1578
1478	0.1594
1476	0.1608
1474	0.1624
1472	0.1643
1470	0.1666
1468	0.1698
1466	0.1734
1464	0.1778
1462	0.1831
1460	0.1897
1458	0.1977
1456	0.2072
1454	0.2181
1452	0.2304
1450	0.2440
1448	0.2585
1446	0.2730
1444	0.2864
1442	0.2982
1440	0.3082
1438	0.3166
1436	0.3234
1434	0.3290
1432	0.3341
1430	0.3401
1428	0.3479
1426	0.3575
1424	0.3681
1422	0.3793
1420	0.3905
1418	0.4009
1416	0.4094
1414	0.4139
1412	0.4129
1410	0.4073
1408	0.3995
1406	0.3921
1404	0.3867
1402	0.3846
1400	0.3860
1398	0.3901
1396	0.3967
1394	0.4040
1392	0.4083
1390	0.4059
1388	0.3938
1386	0.3719
1384	0.3413
1382	0.3056
1380	0.2677
1378	0.2310
1376	0.1959
1374	0.1637
1372	0.1352
1370	0.1107
1368	0.08951
1366	0.07173
1364	0.05666
1362	0.04406
1360	0.03338
1358	0.02482
1356	0.01788
1354	0.01247
1352	0.008437
1350	0.005379
1348	0.003236
1346	0.001683
1344	6.080E-4
1342	-2.220E-4
1340	-6.810E-4
1338	-9.010E-4
1336	-9.740E-4
1334	-8.180E-4
1332	-6.600E-4
1330	-4.450E-4
1328	5.100E-5
1326	6.830E-4
1324	0.001195
1322	0.002039
1320	0.002898
1318	0.003923
1316	0.005170
1314	0.006240
1312	0.007489
1310	0.008735
1308	0.009952
1306	0.01117
1304	0.01249
1302	0.01384
1300	0.01526
1298	0.01677
1296	0.01862
1294	0.02055
1292	0.02279
1290	0.02507
1288	0.02765
1286	0.03028
1284	0.03300
1282	0.03589
1280	0.03870
1278	0.04161
1276	0.04470
1274	0.04796
1272	0.05134
1270	0.05490
1268	0.05869
1266	0.06289
1264	0.06746
1262	0.07266
1260	0.07837
1258	0.08490
1256	0.09281
1254	0.1021
1252	0.1126
1250	0.1246
1248	0.1382
1246	0.1531
1244	0.1696
1242	0.1876
1240	0.2075
1238	0.2295
1236	0.2546
1234	0.2837
1232	0.3175
1230	0.3570
1228	0.4028
1226	0.4554
1224	0.5151
1222	0.5813
1220	0.6523
1218	0.7252
1216	0.7978
1214	0.8651
1212	0.9231
1210	0.9667
1208	0.9909
1206	0.9939
1204	0.9785
1202	0.9496
1200	0.9124
1198	0.8689
1196	0.8192
1194	0.7656
1192	0.7098
1190	0.6532
1188	0.5980
1186	0.5448
1184	0.4916
1182	0.4404
1180	0.3934
1178	0.3512
1176	0.3134
1174	0.2805
1172	0.2520
1170	0.2268
1168	0.2043
1166	0.1840
1164	0.1653
1162	0.1473
1160	0.1298
1158	0.1124
1156	0.09498
1154	0.07834
1152	0.06281
1150	0.04858
1148	0.03601
1146	0.02525
1144	0.01604
1142	0.008358
1140	0.002160
1138	-0.002860
1136	-0.006919
1134	-0.01017
1132	-0.01283
1130	-0.01510
1128	-0.01689
1126	-0.01826
1124	-0.01927
1122	-0.01993
1120	-0.02044
1118	-0.02068
1116	-0.02083
1114	-0.02081
1112	-0.02068
1110	-0.02044
1108	-0.02011
1106	-0.01983
1104	-0.01946
1102	-0.01907
1100	-0.01871
1098	-0.01834
1096	-0.01799
1094	-0.01774
1092	-0.01751
1090	-0.01723
1088	-0.01692
1086	-0.01658
1084	-0.01624
1082	-0.01584
1080	-0.01537
1078	-0.01485
1076	-0.01441
1074	-0.01375
1072	-0.01314
1070	-0.01242
1068	-0.01169
1066	-0.01092
1064	-0.01019
1062	-0.009471
1060	-0.008760
1058	-0.008057
1056	-0.007304
1054	-0.006620
1052	-0.005954
1050	-0.005300
1048	-0.004662
1046	-0.004119
1044	-0.003639
1042	-0.003376
1040	-0.003217
1038	-0.003210
1036	-0.003395
1034	-0.003828
1032	-0.004296
1030	-0.005006
1028	-0.005834
1026	-0.006749
1024	-0.007733
1022	-0.008675
1020	-0.009701
1018	-0.01076
1016	-0.01184
1014	-0.01312
1012	-0.01431
1010	-0.01562
1008	-0.01685
1006	-0.01824
1004	-0.01963
1002	-0.02076
1000	-0.02201
998	-0.02293
996	-0.02390
994	-0.02479
992	-0.02549
990	-0.02616
988	-0.02664
986	-0.02700
984	-0.02729
982	-0.02740
980	-0.02746
978	-0.02746
976	-0.02733
974	-0.02700
972	-0.02667
970	-0.02623
968	-0.02568
966	-0.02501
964	-0.02436
962	-0.02338
960	-0.02230
958	-0.02111
956	-0.01942
954	-0.01729
952	-0.01486
950	-0.01156
948	-0.007848
946	-0.003373
944	0.001728
942	0.007437
940	0.01328
938	0.01967
936	0.02599
934	0.03180
932	0.03704
930	0.04154
928	0.04487
926	0.04694
924	0.04750
922	0.04646
920	0.04376
918	0.04002
916	0.03484
914	0.02934
912	0.02337
910	0.01710
908	0.01098
906	0.005266
904	3.280E-4
902	-0.004040
900	-0.007558
898	-0.01056
896	-0.01343
894	-0.01542
892	-0.01720
890	-0.01911
888	-0.02051
886	-0.02181
884	-0.02302
882	-0.02411
880	-0.02500
878	-0.02582
876	-0.02634
874	-0.02704
872	-0.02717
870	-0.02781
868	-0.02806
866	-0.02812
864	-0.02873
862	-0.02854
860	-0.04844
858	-0.02838
856	-0.02905
854	-0.02794
852	-0.02894
850	-0.02882
848	-0.02898
846	-0.02884
844	-0.02845
842	-0.02887
840	-0.02919
838	-0.02888
836	-0.02870
834	-0.02961
832	-0.02865
830	-0.02879
828	-0.02895
826	-0.02934
824	-0.02878
822	-0.02941
820	-0.02913
818	-0.02951
816	-0.02937
814	-0.03008
812	-0.03007
810	-0.02989
808	-0.03073
806	-0.03028
804	-0.03061
802	-0.03060
800	-0.03087
798	-0.03043
796	-0.03061
794	-0.03070
792	-0.03073
790	-0.03083
788	-0.03050
786	-0.03067
784	-0.03065
782	-0.03020
780	-0.02987
778	-0.03004
776	-0.02985
774	-0.02944
772	-0.02851
770	-0.02748
768	-0.02628
766	-0.02537
764	-0.02518
762	-0.02481
760	-0.02431
758	-0.02374
756	-0.02307
754	-0.02352
752	-0.02458
750	-0.02568
748	-0.02669
746	-0.02744
744	-0.02824
742	-0.02873
740	-0.02911
738	-0.02940
736	-0.02982
734	-0.02993
732	-0.03022
730	-0.03044
728	-0.03049
726	-0.03065
724	-0.03045
722	-0.03073
720	-0.03080
718	-0.03097
716	-0.03100
714	-0.03078
712	-0.03091
710	-0.03078
708	-0.03081
706	-0.03079
704	-0.03091
702	-0.03080
700	-0.03077
698	-0.03072
696	-0.03069
694	-0.03084
692	-0.03128
690	-0.03113
688	-0.03099
686	-0.03082
684	-0.03072
682	-0.03086
680	-0.03093
678	-0.03091
676	-0.03087
674	-0.03097
672	-0.03107
670	-0.03097
668	-0.03118
666	-0.03111
664	-0.03090
662	-0.03074
660	-0.03072
658	-0.03069
656	-0.03051
654	-0.03025
652	-0.03019
650	-0.03008
648	-0.03011
646	-0.03003
644	-0.03005
642	-0.03016
640	-0.03023
638	-0.03038
636	-0.03045
634	-0.03048
632	-0.03055
630	-0.03073
628	-0.03081
626	-0.03078
624	-0.03062
622	-0.03061
620	-0.03066
618	-0.03065
616	-0.03064
614	-0.03062
612	-0.03070
610	-0.03080
608	-0.03065
606	-0.03060
604	-0.03068
602	-0.03056
600	-0.03067
598	-0.03074
596	-0.03063
594	-0.03071
592	-0.03067
590	-0.03047
588	-0.03045
586	-0.03051
584	-0.03053
582	-0.03058
580	-0.03066
578	-0.03054
576	-0.03046
574	-0.03031
572	-0.03047
570	-0.03043
568	-0.03034
566	-0.03052
564	-0.03052
562	-0.03034
560	-0.03027
558	-0.03031
556	-0.03045
554	-0.03054
552	-0.03042
550	-0.03014
548	-0.03016
546	-0.03029
544	-0.03029
542	-0.03031
540	-0.03038
538	-0.03035
536	-0.03030
534	-0.03038
532	-0.03007
530	-0.03006
528	-0.03016
526	-0.03013
524	-0.03021
522	-0.03019
520	-0.03000
518	-0.02999
516	-0.03010
514	-0.02992
512	-0.03013
510	-0.02989
508	-0.02972
506	-0.02973
504	-0.02984
502	-0.02981
500	-0.02971
498	-0.02943
496	-0.02951
494	-0.02957
492	-0.02969
490	-0.02969
488	-0.02942
486	-0.02935
484	-0.02941
482	-0.02954
480	-0.02919
478	-0.02914
476	-0.02928
474	-0.02908
472	-0.02925
470	-0.02912
468	-0.02888
466	-0.02894
464	-0.02909
462	-0.02889
460	-0.02900
458	-0.02904
456	-0.02873
454	-0.02879
452	-0.02878
450	-0.02868
448	-0.02856
446	-0.02835
444	-0.02857
442	-0.02838
440	-0.02834
438	-0.02833
436	-0.02831
434	-0.02839
432	-0.02792
430	-0.02802
428	-0.02792
426	-0.02788
424	-0.02794
422	-0.02778
420	-0.02742
418	-0.02770
416	-0.02777
414	-0.02752
412	-0.02756
410	-0.02738
408	-0.02718
406	-0.02712
404	-0.02702
402	-0.02692
400	-0.02692
398	-0.02667
396	-0.02686
394	-0.02648
392	-0.02647
390	-0.02633
388	-0.02622
386	-0.02623
384	-0.02591
382	-0.02577
380	-0.02551
378	-0.02542
376	-0.02471
374	-0.02507
372	-0.02457
370	-0.02475
368	-0.02439
366	-0.02392
364	-0.02379
362	-0.02348
360	-0.02289
358	-0.02275
356	-0.02268
354	-0.02186
352	-0.02154
350	-0.02157
348	-0.02089
346	-0.02043
344	-0.02025
342	-0.01951
340	-0.01862
338	-0.01764
336	-0.01645
334	-0.01585
332	-0.01451
330	-0.01338
328	-0.01132
326	-0.01006
324	-0.008930
322	-0.007416
320	-0.005905
318	-0.004942
316	-0.003683
314	-0.001970
312	8.480E-4
310	0.003248
308	0.005861
306	0.009350
304	0.01310
302	0.01789
300	0.02240
298	0.02833
296	0.03413
294	0.04166
292	0.04974
290	0.06203
288	0.08171
286	0.09639
284	0.1057
282	0.1107
280	0.1155
278	0.1272
276	0.1387
274	0.1429
272	0.1389
270	0.1356
268	0.1420
266	0.1462
264	0.1475
262	0.1500
260	0.1532
258	0.1564
256	0.1639
254	0.1694
252	0.1701
250	0.1756
248	0.1828
246	0.1904
244	0.2044
242	0.2238
240	0.2528
238	0.2936
236	0.3445
234	0.4055
232	0.4748
230	0.5541
228	0.6496
226	0.7960
224	1.080
222	1.494
220	1.578
218	1.589
216	1.669
214	1.735
212	1.874
210	2.358
208	3.941
206	3.941
204	3.941
202	3.941
200	3.941
	
