	A
	
	DCM.Sample.Raw.csv
3773.58491	1.762
3780.71834	1.610
3787.87879	1.479
3795.06641	1.366
3802.28137	1.273
3809.52381	1.199
3816.79389	1.199
3824.09178	1.186
3831.41762	1.138
3838.77159	1.062
3846.15385	0.9925
3853.56455	0.9651
3861.00386	0.9478
3868.47195	0.9637
3875.96899	1.009
3883.49515	1.057
3891.05058	1.087
3898.63548	1.193
3906.25	1.341
3913.89432	1.494
3921.56863	1.674
3929.27308	1.909
3937.00787	2.132
3944.77318	2.270
3952.56917	2.291
3960.39604	2.207
3968.25397	2.023
3976.14314	1.854
3984.06375	1.645
3992.01597	1.399
4000	1.169
4008.01603	1.015
4016.06426	0.9065
4024.14487	0.8054
4032.25806	0.7178
4040.40404	0.6554
4048.583	0.5989
4056.79513	0.5653
4065.04065	0.5487
4073.31976	0.5431
4081.63265	0.5513
4089.97955	0.5757
4098.36066	0.6265
4106.77618	0.7053
4115.22634	0.8050
4123.71134	0.9487
4132.2314	1.145
4140.78675	1.338
4149.37759	1.605
4158.00416	1.866
4166.66667	2.106
4175.36534	2.238
4184.10042	2.359
4192.87212	2.377
4201.68067	2.368
4210.52632	2.378
4219.40928	2.359
4228.32981	2.316
4237.28814	2.360
4246.2845	2.388
4255.31915	2.364
4264.39232	2.243
4273.50427	2.136
4282.65525	1.962
4291.84549	1.823
4301.07527	1.680
4310.34483	1.519
4319.65443	1.396
4329.00433	1.323
4338.39479	1.283
4347.82609	1.237
4357.29847	1.232
4366.81223	1.356
4376.36761	1.493
4385.96491	1.695
4395.6044	1.904
4405.28634	2.149
4415.01104	2.330
4424.77876	2.385
4434.5898	2.353
4444.44444	2.320
4454.34298	2.353
4464.28571	2.400
4474.27293	2.379
4484.30493	2.369
4494.38202	2.321
4504.5045	2.246
4514.67269	2.039
4524.88688	1.732
4535.14739	1.407
4545.45455	1.148
4555.80866	0.9402
4566.21005	0.7244
4576.65904	0.5549
4587.15596	0.4187
4597.70115	0.3256
4608.29493	0.2804
4618.93764	0.2524
4629.62963	0.2407
4640.37123	0.2324
4651.16279	0.2211
4662.00466	0.2065
4672.8972	0.1895
4683.84075	0.1642
4694.83568	0.1334
4705.88235	0.1057
4716.98113	0.1152
4728.13239	0.1460
4739.33649	0.1746
4750.59382	0.1969
4761.90476	0.2050
4773.26969	0.2008
4784.689	0.2219
4796.16307	0.2481
4807.69231	0.2583
4819.27711	0.2488
4830.91787	0.2405
4842.61501	0.2281
4854.36893	0.2046
4866.18005	0.1684
4878.04878	0.1186
4889.97555	0.07316
4901.96078	0.06657
4914.00491	0.07501
4926.10837	0.07590
4938.2716	0.06708
4950.49505	0.05050
4962.77916	0.03380
4975.12438	0.05127
4987.53117	0.08235
5000	0.1079
5012.53133	0.1223
5025.12563	0.1309
5037.78338	0.1498
5050.50505	0.1638
5063.29114	0.1644
5076.14213	0.1507
5089.05852	0.1314
5102.04082	0.1356
5115.08951	0.1455
5128.20513	0.1376
5141.38817	0.1240
5154.63918	0.1319
5167.95866	0.1485
5181.34715	0.1562
5194.80519	0.1467
5208.33333	0.1330
5221.93211	0.1777
5235.60209	0.2539
5249.34383	0.3096
5263.15789	0.3339
5277.04485	0.3566
5291.00529	0.3790
5305.03979	0.3586
5319.14894	0.3015
5333.33333	0.2267
5347.59358	0.1643
5361.93029	0.1555
5376.34409	0.1913
5390.83558	0.2546
5405.40541	0.3127
5420.0542	0.3580
5434.78261	0.3819
5449.59128	0.3886
5464.48087	0.3680
5479.45205	0.3233
5494.50549	0.2616
5509.64187	0.1916
5524.86188	0.1603
5540.1662	0.1598
5555.55556	0.1552
5561.73526	0.1448
5567.92873	0.1359
5574.13601	0.1282
5580.35714	0.1214
5586.59218	0.1154
5592.84116	0.1098
5599.10414	0.1044
5605.38117	0.09953
5611.67228	0.09570
5617.97753	0.09356
5624.29696	0.09276
5630.63063	0.09319
5636.97858	0.09453
5643.34086	0.09655
5649.71751	0.09907
5656.1086	0.1017
5662.51416	0.1038
5668.93424	0.1047
5675.3689	0.1042
5681.81818	0.1033
5688.28214	0.1027
5694.76082	0.1029
5701.25428	0.1050
5707.76256	0.1090
5714.28571	0.1160
5720.8238	0.1264
5727.37686	0.1412
5733.94495	0.1607
5740.52813	0.1856
5747.12644	0.2168
5753.73993	0.2549
5760.36866	0.3006
5767.01269	0.3562
5773.67206	0.4219
5780.34682	0.4995
5787.03704	0.5911
5793.74276	0.6977
5800.46404	0.8192
5807.20093	0.9565
5813.95349	1.111
5820.72177	1.286
5827.50583	1.480
5834.30572	1.698
5841.1215	1.928
5847.95322	2.158
5854.80094	2.380
5861.66471	2.610
5868.5446	2.828
5875.44066	3.037
5882.35294	3.183
5889.28151	3.297
5896.22642	3.421
5903.18772	3.431
5910.16548	3.217
5917.15976	2.830
5924.17062	2.449
5931.1981	2.129
5938.24228	1.859
5945.30321	1.630
5952.38095	1.436
5959.47557	1.273
5966.58711	1.137
5973.71565	1.025
5980.86124	0.9374
5988.02395	0.8719
5995.20384	0.8277
6002.40096	0.8033
6009.61538	0.7986
6016.84717	0.8138
6024.09639	0.8495
6031.36309	0.9052
6038.64734	0.9772
6045.94921	1.059
6053.26877	1.133
6060.60606	1.171
6067.96117	1.150
6075.33414	1.069
6082.72506	0.9527
6090.13398	0.8258
6097.56098	0.7041
6105.00611	0.5954
6112.46944	0.5009
6119.95104	0.4193
6127.45098	0.3506
6134.96933	0.2930
6142.50614	0.2444
6150.0615	0.2034
6157.63547	0.1694
6165.22811	0.1413
6172.83951	0.1181
6180.46972	0.09924
6188.11881	0.08388
6195.78686	0.07095
6203.47395	0.06033
6211.18012	0.05167
6218.90547	0.04446
6226.65006	0.03826
6234.41397	0.03300
6242.19725	0.02855
6250	0.02470
6257.82228	0.02126
6265.66416	0.01834
6273.52572	0.01586
6281.40704	0.01383
6289.30818	0.01215
6297.22922	0.01082
6305.17024	0.009697
6313.13131	0.008796
6321.11252	0.008120
6329.11392	0.007637
6337.13561	0.007274
6345.17766	0.007100
6353.24015	0.007226
6361.32316	0.007741
6369.42675	0.008595
6377.55102	0.009610
6385.69604	0.01076
6393.86189	0.01205
6402.04866	0.01350
6410.25641	0.01485
6418.48524	0.01593
6426.73522	0.01656
6435.00644	0.01671
6443.29897	0.01661
6451.6129	0.01627
6459.94832	0.01566
6468.3053	0.01485
6476.68394	0.01404
6485.08431	0.01310
6493.50649	0.01222
6501.95059	0.01162
6510.41667	0.01119
6518.90482	0.01089
6527.41514	0.01081
6535.94771	0.01089
6544.50262	0.01116
6553.07995	0.01176
6561.67979	0.01264
6570.30223	0.01397
6578.94737	0.01573
6587.61528	0.01794
6596.30607	0.02079
6605.01982	0.02424
6613.75661	0.02811
6622.51656	0.03223
6631.29973	0.03658
6640.10624	0.04083
6648.93617	0.04459
6657.78961	0.04770
6666.66667	0.04995
6675.56742	0.05119
6684.49198	0.05153
6693.44043	0.05145
6702.41287	0.05124
6711.4094	0.05140
6720.43011	0.05228
6729.4751	0.05441
6738.54447	0.05829
6747.63833	0.06365
6756.75676	0.07001
6765.89986	0.07661
6775.06775	0.08274
6784.26052	0.08733
6793.47826	0.08973
6802.72109	0.08938
6811.9891	0.08601
6821.2824	0.07968
6830.60109	0.07141
6839.94528	0.06228
6849.31507	0.05353
6858.71056	0.04597
6868.13187	0.04043
6877.57909	0.03769
6887.05234	0.03786
6896.55172	0.04140
6906.07735	0.04827
6915.62932	0.05759
6925.20776	0.06849
6934.81276	0.08047
6944.44444	0.09312
6954.10292	0.1065
6963.7883	0.1212
6973.5007	0.1379
6983.24022	0.1571
6993.00699	0.1793
7002.80112	0.2054
7012.62272	0.2346
7022.47191	0.2653
7032.3488	0.2946
7042.25352	0.3191
7052.18618	0.3343
7062.14689	0.3373
7072.13579	0.3278
7082.15297	0.3082
7092.19858	0.2822
7102.27273	0.2534
7112.37553	0.2258
7122.50712	0.2015
7132.66762	0.1816
7142.85714	0.1665
7153.07582	0.1552
7163.32378	0.1455
7173.60115	0.1365
7183.90805	0.1278
7194.2446	0.1197
7204.61095	0.1126
7215.00722	0.1076
7225.43353	0.1064
7235.89001	0.1104
7246.37681	0.1205
7256.89405	0.1361
7267.44186	0.1562
7278.02038	0.1781
7288.62974	0.1996
7299.27007	0.2174
7309.94152	0.2281
7320.64422	0.2287
7331.3783	0.2184
7342.14391	0.1995
7352.94118	0.1763
7363.77025	0.1532
7374.63127	0.1318
7385.52437	0.1135
7396.4497	0.09857
7407.40741	0.08781
7418.39763	0.08047
7429.42051	0.07633
7440.47619	0.07344
7451.56483	0.06992
7462.68657	0.06455
7473.84155	0.05756
7485.02994	0.04948
7496.25187	0.04095
7507.50751	0.03267
7518.79699	0.02478
7530.12048	0.01772
7541.47813	0.01204
7552.87009	0.007796
7564.29652	0.005271
7575.75758	0.003638
7587.25341	0.002694
7598.78419	0.002056
7610.35008	0.001717
7621.95122	0.001508
7633.58779	0.001362
7645.25994	0.001425
7656.96784	0.001448
7668.71166	0.001465
7680.49155	0.001352
7692.30769	0.001203
7704.16025	9.420E-4
7716.04938	6.830E-4
7727.97527	3.060E-4
7739.93808	-6.100E-5
7751.93798	-3.070E-4
7763.97516	-5.110E-4
7776.04977	-8.330E-4
7788.16199	-0.001053
7800.31201	-0.001125
7812.5	-0.001236
7824.72613	-0.001302
7836.9906	-0.001332
7849.29356	-0.001349
7861.63522	-0.001425
7874.01575	-0.001453
7886.43533	-0.001542
7898.89415	-0.001475
7911.39241	-0.001492
7923.93027	-0.001398
7936.50794	-0.001268
7949.1256	-0.001083
7961.78344	-7.050E-4
7974.48166	-3.400E-4
7987.22045	2.800E-5
8000	4.620E-4
8012.82051	9.360E-4
8025.68218	0.001388
8038.58521	0.001948
8051.52979	0.002498
8064.51613	0.003240
8077.54443	0.004141
8090.61489	0.005137
8103.72771	0.006379
8116.88312	0.007621
8130.0813	0.008894
8143.32248	0.01002
8156.60685	0.01099
8169.93464	0.01168
8183.30606	0.01209
8196.72131	0.01230
8210.18062	0.01245
8223.68421	0.01266
8237.23229	0.01287
8250.82508	0.01322
8264.46281	0.01355
8278.1457	0.01396
8291.87396	0.01459
8305.64784	0.01513
8319.46755	0.01550
8333.33333	0.01562
8347.24541	0.01553
8361.20401	0.01530
8375.20938	0.01500
8389.26174	0.01458
8403.36134	0.01412
8417.50842	0.01371
8431.7032	0.01366
8445.94595	0.01438
8460.23689	0.01606
8474.57627	0.01906
8488.96435	0.02374
8503.40136	0.03091
8517.88756	0.04162
8532.42321	0.05685
8547.00855	0.07741
8561.64384	0.1033
8576.32933	0.1342
8591.06529	0.1702
8605.85198	0.2105
8620.68966	0.2526
8635.57858	0.2929
8650.51903	0.3260
8665.51127	0.3461
8680.55556	0.3504
8695.65217	0.3391
8710.80139	0.3151
8726.00349	0.2821
8741.25874	0.2439
8756.56743	0.2052
8771.92982	0.1701
8787.34622	0.1405
8802.8169	0.1167
8818.34215	0.09840
8833.92226	0.08464
8849.55752	0.07471
8865.24823	0.06832
8880.99467	0.06474
8896.79715	0.06269
8912.65597	0.06075
8928.57143	0.05798
8944.54383	0.05447
8960.57348	0.05039
8976.66068	0.04583
8992.80576	0.04084
9009.00901	0.03527
9025.27076	0.02948
9041.59132	0.02374
9057.97101	0.01858
9074.41016	0.01424
9090.90909	0.01055
9107.46812	0.007344
9124.08759	0.004771
9140.76782	0.002590
9157.50916	0.001053
9174.31193	1.320E-4
9191.17647	-4.060E-4
9208.10313	-6.770E-4
9225.09225	-7.450E-4
9242.14418	-6.900E-4
9259.25926	-5.350E-4
9276.43785	-3.700E-4
9293.6803	-2.750E-4
9310.98696	-8.100E-5
9328.35821	-1.400E-5
9345.79439	1.330E-4
9363.29588	3.510E-4
9380.86304	6.750E-4
9398.49624	9.480E-4
9416.19586	0.001281
9433.96226	0.001589
9451.79584	0.002024
9469.69697	0.002456
9487.66603	0.002814
9505.70342	0.002978
9523.80952	0.003094
9541.98473	0.003068
9560.22945	0.002909
9578.54406	0.002764
9596.92898	0.002540
9615.38462	0.002491
9633.91137	0.002820
9652.50965	0.003492
9671.17988	0.004444
9689.92248	0.005831
9708.73786	0.007446
9727.62646	0.009176
9746.58869	0.01096
9765.625	0.01261
9784.73581	0.01385
9803.92157	0.01442
9823.18271	0.01442
9842.51969	0.01401
9861.93294	0.01313
9881.42292	0.01206
9900.9901	0.01076
9920.63492	0.009426
9940.35785	0.008113
9960.15936	0.006974
9980.03992	0.006350
10000	0.005728
10020.04008	0.005429
10040.16064	0.005020
10060.36217	0.004511
10080.64516	0.004166
10101.0101	0.003784
10121.45749	0.003285
10141.98783	0.002816
10162.60163	0.002148
10183.29939	0.001545
10204.08163	9.720E-4
10224.94888	3.300E-4
10245.90164	-2.310E-4
10266.94045	-5.910E-4
10288.06584	-9.110E-4
10309.27835	-0.001288
10330.57851	-0.001489
10351.96687	-0.001679
10373.44398	-0.001871
10395.0104	-0.001875
10416.66667	-0.001955
10438.41336	-0.002166
10460.25105	-0.002185
10482.18029	-0.002274
10504.20168	-0.002442
10526.31579	-0.002391
10548.52321	-0.002475
10570.82452	-0.002524
10593.22034	-0.002492
10615.71125	-0.002487
10638.29787	-0.002480
10660.98081	-0.002457
10683.76068	-0.002427
10706.63812	-0.002454
10729.61373	-0.002394
10752.68817	-0.002251
10775.86207	-0.002145
10799.13607	-0.002091
10822.51082	-0.001945
10845.98698	-0.001742
10869.56522	-0.001751
10893.24619	-0.001474
10917.03057	-0.001459
10940.91904	-0.001344
10964.91228	-0.001100
10989.01099	-0.001102
11013.21586	-8.950E-4
11037.52759	-6.150E-4
11061.9469	-2.570E-4
11086.4745	4.670E-4
11111.11111	0.001532
11135.85746	0.002802
11160.71429	0.004451
11185.68233	0.006578
11210.76233	0.008979
11235.95506	0.01124
11261.26126	0.01369
11286.68172	0.01586
11312.21719	0.01738
11337.86848	0.01815
11363.63636	0.01796
11389.52164	0.01686
11415.52511	0.01564
11441.6476	0.01341
11467.88991	0.01106
11494.25287	0.008527
11520.73733	0.006366
11547.34411	0.004568
11574.07407	0.002621
11600.92807	0.001896
11627.90698	0.002911
11655.01166	4.690E-4
11682.24299	-5.100E-5
11709.60187	5.300E-4
11737.0892	-3.800E-5
11764.70588	2.110E-4
11792.45283	-0.001275
11820.33097	-0.001717
11848.34123	-0.001640
11876.48456	-0.002195
11904.7619	-0.002444
11933.17422	-0.002747
11961.72249	-0.001912
11990.40767	-0.002627
12019.23077	-0.001939
12048.19277	-0.002598
12077.29469	-0.001898
12106.53753	-0.002546
12135.92233	-0.001979
12165.45012	-0.002305
12195.12195	-0.002248
12224.93888	-0.001978
12254.90196	-0.002093
12285.01229	-0.002466
12315.27094	-0.001972
12345.67901	-0.001967
12376.23762	-0.001992
12406.94789	-8.620E-4
12437.81095	-9.900E-4
12468.82793	-0.001477
12500	-0.001685
12531.32832	-0.001846
12562.81407	-0.001907
12594.45844	-0.001959
12626.26263	-0.001965
12658.22785	-0.002263
12690.35533	-0.002129
12722.64631	-0.002293
12755.10204	-0.002532
12787.72379	-0.002358
12820.51282	-0.002264
12853.47044	-0.002317
12886.59794	-0.002559
12919.89664	-0.002831
12953.36788	-0.002666
12987.01299	-0.002378
13020.83333	-0.002640
13054.83029	-0.002530
13089.00524	-0.002683
13123.35958	-0.002655
13157.89474	-0.002704
13192.61214	-0.002687
13227.51323	-0.002670
13262.59947	-0.002678
13297.87234	-0.002579
13333.33333	-0.002496
13368.98396	-0.002713
13404.82574	-0.002580
13440.86022	-0.002681
13477.08895	-0.002738
13513.51351	-0.002711
13550.1355	-0.002415
13586.95652	-0.002296
13623.9782	-0.002153
13661.20219	-0.002427
13698.63014	-0.002104
13736.26374	-0.001365
13774.10468	-6.380E-4
13812.1547	-1.910E-4
13850.41551	-2.090E-4
13888.88889	-2.900E-4
13927.5766	-7.510E-4
13966.48045	-0.001298
14005.60224	-0.001587
14044.94382	-0.002013
14084.50704	-0.002293
14124.29379	-0.002294
14164.30595	-0.002302
14204.54545	-0.002481
14245.01425	-0.002477
14285.71429	-0.002338
14326.64756	-0.002252
14367.81609	-0.002282
14409.2219	-0.002380
14450.86705	-0.002688
14492.75362	-0.002622
14534.88372	-0.002515
14577.25948	-0.002377
14619.88304	-0.002236
14662.7566	-0.002223
14705.88235	-0.002263
14749.26254	-0.002304
14792.89941	-0.002369
14836.79525	-0.002348
14880.95238	-0.002358
14925.37313	-0.002436
14970.05988	-0.002446
15015.01502	-0.002463
15060.24096	-0.002276
15105.74018	-0.002232
15151.51515	-0.002373
15197.56839	-0.002498
15243.90244	-0.002415
15290.51988	-0.002346
15337.42331	-0.002330
15384.61538	-0.002224
15432.09877	-0.002291
15479.87616	-0.002376
15527.95031	-0.002384
15576.32399	-0.002320
15625	-0.002353
15673.98119	-0.002470
15723.27044	-0.002356
15772.87066	-0.002219
15822.78481	-0.002359
15873.01587	-0.002342
15923.56688	-0.002189
15974.44089	-0.002134
16025.64103	-0.002143
16077.17042	-0.002047
16129.03226	-0.001988
16181.22977	-0.001908
16233.76623	-0.001708
16286.64495	-0.001749
16339.86928	-0.001945
16393.44262	-0.002070
16447.36842	-0.001971
16501.65017	-0.001949
16556.29139	-0.002085
16611.29568	-0.002098
16666.66667	-0.002082
16722.40803	-0.002091
16778.52349	-0.002027
16835.01684	-0.002152
16891.89189	-0.002063
16949.15254	-0.001845
17006.80272	-0.001853
17064.84642	-0.001987
17123.28767	-0.001899
17182.13058	-0.001841
17241.37931	-0.001951
17301.03806	-0.001829
17361.11111	-0.001890
17421.60279	-0.001918
17482.51748	-0.001871
17543.85965	-0.001840
17605.6338	-0.001850
17667.84452	-0.001889
17730.49645	-0.001863
17793.59431	-0.001773
17857.14286	-0.001665
17921.14695	-0.001821
17985.61151	-0.001922
18050.54152	-0.001908
18115.94203	-0.001914
18181.81818	-0.001768
18248.17518	-0.001747
18315.01832	-0.001635
18382.35294	-0.001648
18450.1845	-0.001666
18518.51852	-0.001620
18587.36059	-0.001705
18656.71642	-0.001708
18726.59176	-0.001747
18796.99248	-0.001570
18867.92453	-0.001453
18939.39394	-0.001509
19011.40684	-0.001517
19083.96947	-0.001533
19157.08812	-0.001521
19230.76923	-0.001548
19305.01931	-0.001564
19379.84496	-0.001626
19455.25292	-0.001352
19531.25	-0.001391
19607.84314	-0.001273
19685.03937	-0.001184
19762.84585	-0.001052
19841.26984	-0.001195
19920.31873	-0.001241
20000	-0.001126
20080.32129	-9.770E-4
20161.29032	-0.001024
20242.91498	-9.710E-4
20325.20325	-9.500E-4
20408.16327	-0.001037
20491.80328	-8.900E-4
20576.13169	-9.210E-4
20661.15702	-7.550E-4
20746.88797	-8.170E-4
20833.33333	-4.380E-4
20920.50209	-4.900E-4
21008.40336	-5.650E-4
21097.04641	-5.020E-4
21186.44068	-4.980E-4
21276.59574	-4.810E-4
21367.52137	-2.600E-4
21459.22747	-2.420E-4
21551.72414	-4.620E-4
21645.02165	-2.790E-4
21739.13043	-3.760E-4
21834.06114	-4.160E-4
21929.82456	-3.310E-4
22026.43172	-4.550E-4
22123.89381	-1.730E-4
22222.22222	-1.950E-4
22321.42857	-1.380E-4
22421.52466	-6.000E-6
22522.52252	-3.530E-4
22624.43439	-1.610E-4
22727.27273	-1.860E-4
22831.05023	-2.920E-4
22935.77982	-3.470E-4
23041.47465	-2.690E-4
23148.14815	4.800E-5
23255.81395	-1.450E-4
23364.48598	-5.300E-5
23474.1784	-2.150E-4
23584.90566	-1.200E-4
23696.68246	-2.120E-4
23809.52381	-7.900E-5
23923.44498	-1.150E-4
24038.46154	-2.080E-4
24154.58937	-1.270E-4
24271.84466	-1.390E-4
24390.2439	-2.590E-4
24509.80392	7.700E-5
24630.54187	-4.200E-5
24752.47525	1.050E-4
24875.62189	1.900E-4
25000	5.500E-5
25125.62814	3.190E-4
25252.52525	9.100E-5
25380.71066	5.770E-4
25510.20408	2.150E-4
25641.02564	4.050E-4
25773.19588	3.500E-4
25906.73575	8.860E-4
26041.66667	5.590E-4
26178.01047	4.850E-4
26315.78947	8.430E-4
26455.02646	0.001047
26595.74468	0.001238
26737.96791	8.890E-4
26881.72043	0.001261
27027.02703	9.510E-4
27173.91304	0.001060
27322.40437	0.001527
27472.52747	0.001085
27624.30939	0.001504
27777.77778	0.001595
27932.96089	0.001927
28089.88764	0.001865
28248.58757	0.001562
28409.09091	0.001681
28571.42857	0.001714
28735.63218	0.001973
28901.7341	0.002369
29069.76744	0.002107
29239.76608	0.002379
29411.76471	0.002504
29585.79882	0.002328
29761.90476	0.002813
29940.11976	0.002804
30120.48193	0.003192
30303.0303	0.003353
30487.80488	0.003881
30674.84663	0.003943
30864.19753	0.003833
31055.90062	0.004279
31250	0.004617
31446.54088	0.004607
31645.56962	0.004254
31847.13376	0.004159
32051.28205	0.004509
32258.06452	0.004601
32467.53247	0.005029
32679.73856	0.004918
32894.73684	0.005021
33112.58278	0.005371
33333.33333	0.005325
33557.04698	0.005648
33783.78378	0.005797
34013.60544	0.006285
34246.57534	0.006403
34482.75862	0.007118
34722.22222	0.008617
34965.03497	0.01090
35211.26761	0.01253
35460.99291	0.01345
35714.28571	0.01413
35971.22302	0.01462
36231.88406	0.01519
36496.35036	0.01590
36764.70588	0.01555
37037.03704	0.01479
37313.43284	0.01449
37593.98496	0.01466
37878.78788	0.01434
38167.93893	0.01389
38461.53846	0.01427
38759.68992	0.01479
39062.5	0.01605
39370.07874	0.01770
39682.53968	0.02073
40000	0.02547
40322.58065	0.03294
40650.4065	0.04473
40983.60656	0.06376
41322.31405	0.09499
41666.66667	0.1452
42016.80672	0.2258
42372.88136	0.3521
42735.04274	0.5497
43103.44828	0.8576
43478.26087	1.331
43859.64912	2.058
44247.78761	3.155
44642.85714	3.969
45045.04505	3.969
45454.54545	3.969
45871.55963	3.969
46296.2963	3.969
46728.97196	3.969
47169.81132	3.969
47619.04762	3.969
48076.92308	3.969
48543.68932	3.969
49019.60784	3.969
49504.9505	3.969
50000	3.969

