	A
	
	MeOH.Sample.Raw.csv
2650	4.000
2645	4.000
2640	4.000
2635	4.000
2630	4.000
2625	4.000
2620	4.000
2615	4.000
2610	4.000
2605	4.000
2600	4.000
2595	4.000
2590	4.000
2585	4.000
2580	4.000
2575	4.000
2570	4.000
2565	4.000
2560	4.000
2555	4.000
2550	4.000
2545	4.000
2540	4.000
2535	4.000
2530	4.000
2525	4.000
2520	4.000
2515	4.000
2510	4.000
2505	4.000
2500	4.000
2495	4.000
2490	4.000
2485	4.000
2480	4.000
2475	4.000
2470	4.000
2465	4.000
2460	4.000
2455	4.000
2450	4.000
2445	4.000
2440	4.000
2435	4.000
2430	4.000
2425	4.000
2420	4.000
2415	4.000
2410	4.000
2405	4.000
2400	4.000
2395	4.000
2390	4.000
2385	4.000
2380	4.000
2375	4.000
2370	4.000
2365	4.000
2360	4.000
2355	4.000
2350	4.000
2345	4.000
2340	4.000
2335	4.000
2330	4.000
2325	4.000
2320	4.000
2315	4.000
2310	4.000
2305	4.000
2300	4.000
2295	4.000
2290	4.000
2285	4.000
2280	4.000
2275	4.000
2270	4.000
2265	4.000
2260	4.000
2255	4.000
2250	4.000
2245	4.000
2240	4.000
2235	4.000
2230	4.000
2225	4.000
2220	4.000
2215	4.000
2210	4.000
2205	4.000
2200	4.000
2195	4.000
2190	4.000
2185	4.000
2180	4.000
2175	4.000
2170	4.000
2165	4.000
2160	4.000
2155	4.000
2150	4.000
2145	4.000
2140	4.000
2135	4.000
2130	4.000
2125	4.000
2120	4.000
2115	4.000
2110	4.000
2105	4.000
2100	4.000
2095	4.000
2090	4.000
2085	4.000
2080	4.000
2075	4.000
2070	4.000
2065	4.000
2060	4.000
2055	4.000
2050	4.000
2045	4.000
2040	4.000
2035	4.000
2030	4.000
2025	4.000
2020	3.318
2015	2.985
2010	2.703
2005	2.557
2000	2.374
1995	2.144
1990	1.984
1985	1.804
1980	1.667
1975	1.524
1970	1.418
1965	1.330
1960	1.281
1955	1.229
1950	1.126
1945	1.011
1940	0.9287
1935	0.8949
1930	0.9009
1925	0.9323
1920	0.9501
1915	0.9423
1910	0.9267
1905	0.9332
1900	0.9249
1895	0.8594
1890	0.7980
1885	0.7756
1880	0.7859
1875	0.8252
1870	0.8771
1865	0.9284
1860	0.9570
1855	0.9718
1850	1.005
1845	1.054
1840	1.085
1835	1.105
1830	1.138
1825	1.176
1820	1.216
1815	1.261
1810	1.314
1805	1.340
1800	1.413
1798	1.432
1796	1.451
1794	1.473
1792	1.496
1790	1.522
1788	1.549
1786	1.577
1784	1.610
1782	1.643
1780	1.679
1778	1.718
1776	1.762
1774	1.808
1772	1.859
1770	1.913
1768	1.970
1766	2.031
1764	2.091
1762	2.150
1760	2.214
1758	2.272
1756	2.334
1754	2.389
1752	2.446
1750	2.505
1748	2.565
1746	2.628
1744	2.701
1742	2.773
1740	2.848
1738	2.934
1736	3.022
1734	3.113
1732	3.190
1730	3.268
1728	3.365
1726	3.405
1724	3.482
1722	3.487
1720	3.556
1718	3.581
1716	3.606
1714	3.638
1712	3.678
1710	3.718
1708	3.757
1706	3.837
1704	3.890
1702	3.906
1700	3.885
1698	3.889
1696	3.786
1694	3.755
1692	3.664
1690	3.558
1688	3.426
1686	3.306
1684	3.181
1682	3.061
1680	2.954
1678	2.861
1676	2.774
1674	2.696
1672	2.631
1670	2.573
1668	2.526
1666	2.488
1664	2.455
1662	2.431
1660	2.412
1658	2.400
1656	2.398
1654	2.397
1652	2.401
1650	2.410
1648	2.424
1646	2.447
1644	2.473
1642	2.502
1640	2.536
1638	2.573
1636	2.616
1634	2.665
1632	2.714
1630	2.766
1628	2.822
1626	2.886
1624	2.946
1622	3.004
1620	3.083
1618	3.174
1616	3.225
1614	3.293
1612	3.369
1610	3.418
1608	3.493
1606	3.592
1604	3.671
1602	3.661
1600	3.772
1598	3.842
1596	3.833
1594	3.907
1592	3.991
1590	4.000
1588	4.000
1586	4.000
1584	4.000
1582	4.000
1580	4.000
1578	4.000
1576	4.000
1574	4.000
1572	4.000
1570	4.000
1568	4.000
1566	4.000
1564	4.000
1562	4.000
1560	3.934
1558	3.947
1556	3.905
1554	3.955
1552	3.896
1550	3.893
1548	3.930
1546	3.828
1544	3.835
1542	3.799
1540	3.757
1538	3.688
1536	3.668
1534	3.663
1532	3.620
1530	3.607
1528	3.583
1526	3.602
1524	3.546
1522	3.542
1520	3.554
1518	3.516
1516	3.515
1514	3.494
1512	3.480
1510	3.432
1508	3.424
1506	3.421
1504	3.374
1502	3.371
1500	3.350
1498	3.325
1496	3.295
1494	3.269
1492	3.252
1490	3.214
1488	3.191
1486	3.155
1484	3.129
1482	3.083
1480	3.050
1478	3.027
1476	2.983
1474	2.957
1472	2.919
1470	2.881
1468	2.840
1466	2.793
1464	2.749
1462	2.693
1460	2.637
1458	2.575
1456	2.512
1454	2.443
1452	2.378
1450	2.318
1448	2.254
1446	2.197
1444	2.140
1442	2.087
1440	2.036
1438	1.987
1436	1.939
1434	1.892
1432	1.845
1430	1.801
1428	1.759
1426	1.718
1424	1.680
1422	1.644
1420	1.610
1418	1.578
1416	1.545
1414	1.511
1412	1.473
1410	1.430
1408	1.379
1406	1.321
1404	1.259
1402	1.193
1400	1.128
1398	1.065
1396	1.005
1394	0.9519
1392	0.9053
1390	0.8662
1388	0.8339
1386	0.8082
1384	0.7879
1382	0.7720
1380	0.7591
1378	0.7478
1376	0.7367
1374	0.7245
1372	0.7108
1370	0.6951
1368	0.6772
1366	0.6572
1364	0.6351
1362	0.6112
1360	0.5851
1358	0.5576
1356	0.5285
1354	0.4983
1352	0.4675
1350	0.4364
1348	0.4051
1346	0.3752
1344	0.3466
1342	0.3203
1340	0.2962
1338	0.2744
1336	0.2548
1334	0.2375
1332	0.2224
1330	0.2092
1328	0.1977
1326	0.1877
1324	0.1787
1322	0.1711
1320	0.1642
1318	0.1584
1316	0.1533
1314	0.1489
1312	0.1450
1310	0.1416
1308	0.1390
1306	0.1368
1304	0.1351
1302	0.1340
1300	0.1333
1298	0.1331
1296	0.1333
1294	0.1340
1292	0.1351
1290	0.1366
1288	0.1387
1286	0.1410
1284	0.1439
1282	0.1472
1280	0.1507
1278	0.1547
1276	0.1590
1274	0.1636
1272	0.1683
1270	0.1731
1268	0.1778
1266	0.1824
1264	0.1865
1262	0.1901
1260	0.1931
1258	0.1951
1256	0.1966
1254	0.1972
1252	0.1972
1250	0.1968
1248	0.1962
1246	0.1957
1244	0.1954
1242	0.1958
1240	0.1973
1238	0.1998
1236	0.2037
1234	0.2091
1232	0.2161
1230	0.2249
1228	0.2353
1226	0.2472
1224	0.2607
1222	0.2757
1220	0.2923
1218	0.3100
1216	0.3293
1214	0.3501
1212	0.3721
1210	0.3949
1208	0.4183
1206	0.4414
1204	0.4634
1202	0.4830
1200	0.4990
1198	0.5108
1196	0.5182
1194	0.5209
1192	0.5191
1190	0.5132
1188	0.5039
1186	0.4919
1184	0.4772
1182	0.4608
1180	0.4434
1178	0.4251
1176	0.4060
1174	0.3868
1172	0.3679
1170	0.3493
1168	0.3315
1166	0.3148
1164	0.2990
1162	0.2841
1160	0.2699
1158	0.2563
1156	0.2429
1154	0.2299
1152	0.2169
1150	0.2037
1148	0.1903
1146	0.1769
1144	0.1637
1142	0.1509
1140	0.1385
1138	0.1266
1136	0.1152
1134	0.1047
1132	0.09501
1130	0.08618
1128	0.07828
1126	0.07141
1124	0.06546
1122	0.06049
1120	0.05640
1118	0.05320
1116	0.05073
1114	0.04889
1112	0.04762
1110	0.04679
1108	0.04632
1106	0.04612
1104	0.04623
1102	0.04653
1100	0.04695
1098	0.04751
1096	0.04826
1094	0.04901
1092	0.04992
1090	0.05094
1088	0.05208
1086	0.05332
1084	0.05464
1082	0.05595
1080	0.05729
1078	0.05870
1076	0.06002
1074	0.06128
1072	0.06246
1070	0.06364
1068	0.06476
1066	0.06591
1064	0.06704
1062	0.06825
1060	0.06939
1058	0.07056
1056	0.07173
1054	0.07280
1052	0.07383
1050	0.07479
1048	0.07574
1046	0.07666
1044	0.07764
1042	0.07851
1040	0.07941
1038	0.08035
1036	0.08130
1034	0.08222
1032	0.08316
1030	0.08394
1028	0.08455
1026	0.08496
1024	0.08529
1022	0.08547
1020	0.08545
1018	0.08518
1016	0.08486
1014	0.08430
1012	0.08363
1010	0.08274
1008	0.08177
1006	0.08053
1004	0.07899
1002	0.07748
1000	0.07561
998	0.07367
996	0.07158
994	0.06929
992	0.06704
990	0.06464
988	0.06226
986	0.05986
984	0.05736
982	0.05501
980	0.05266
978	0.05031
976	0.04813
974	0.04603
972	0.04396
970	0.04189
968	0.03995
966	0.03799
964	0.03583
962	0.03394
960	0.03199
958	0.02998
956	0.02825
954	0.02673
952	0.02528
950	0.02426
948	0.02360
946	0.02356
944	0.02387
942	0.02470
940	0.02582
938	0.02748
936	0.02939
934	0.03170
932	0.03404
930	0.03659
928	0.03925
926	0.04155
924	0.04380
922	0.04581
920	0.04730
918	0.04854
916	0.04891
914	0.04922
912	0.04899
910	0.04808
908	0.04675
906	0.04511
904	0.04320
902	0.04101
900	0.03863
898	0.03602
896	0.03313
894	0.03046
892	0.02802
890	0.02508
888	0.02283
886	0.02064
884	0.01867
882	0.01705
880	0.01560
878	0.01411
876	0.01291
874	0.01173
872	0.01096
870	0.009921
868	0.009005
866	0.008612
864	0.007836
862	0.007270
860	-0.008084
858	0.006399
856	0.005626
854	0.006353
852	0.004949
850	0.005650
848	0.005468
846	0.005643
844	0.005929
842	0.006031
840	0.005504
838	0.005749
836	0.006267
834	0.005521
832	0.005612
830	0.006141
828	0.006620
826	0.006225
824	0.006608
822	0.006455
820	0.007376
818	0.007186
816	0.006706
814	0.006637
812	0.006636
810	0.006787
808	0.006123
806	0.006556
804	0.005839
802	0.005544
800	0.005535
798	0.005602
796	0.005242
794	0.004859
792	0.004597
790	0.004593
788	0.004681
786	0.004468
784	0.004231
782	0.004666
780	0.004584
778	0.004264
776	0.004235
774	0.004214
772	0.004505
770	0.004264
768	0.004803
766	0.004727
764	0.005226
762	0.005575
760	0.005710
758	0.005977
756	0.006117
754	0.006213
752	0.006382
750	0.006230
748	0.005871
746	0.005758
744	0.005327
742	0.005038
740	0.004585
738	0.004158
736	0.003439
734	0.003082
732	0.002394
730	0.001720
728	0.001765
726	0.001219
724	0.001140
722	8.500E-4
720	8.950E-4
718	6.750E-4
716	6.170E-4
714	6.280E-4
712	4.350E-4
710	4.610E-4
708	4.380E-4
706	4.350E-4
704	1.330E-4
702	1.690E-4
700	1.940E-4
698	1.560E-4
696	1.170E-4
694	-1.000E-6
692	-2.310E-4
690	-3.010E-4
688	-2.170E-4
686	8.000E-6
684	7.600E-5
682	-1.980E-4
680	-1.000E-4
678	3.300E-5
676	1.000E-5
674	-1.900E-4
672	-3.760E-4
670	-3.050E-4
668	-5.060E-4
666	-4.260E-4
664	-3.230E-4
662	-2.580E-4
660	-3.190E-4
658	-3.960E-4
656	-3.990E-4
654	-1.900E-4
652	-4.700E-5
650	-1.400E-5
648	-1.050E-4
646	7.900E-5
644	1.100E-4
642	1.000E-6
640	-1.180E-4
638	-1.090E-4
636	-1.040E-4
634	-1.640E-4
632	-2.120E-4
630	-2.090E-4
628	-2.760E-4
626	-4.260E-4
624	-3.440E-4
622	-3.010E-4
620	-2.960E-4
618	-3.420E-4
616	-4.890E-4
614	-4.980E-4
612	-4.610E-4
610	-5.260E-4
608	-4.830E-4
606	-5.640E-4
604	-6.000E-4
602	-5.140E-4
600	-6.820E-4
598	-7.430E-4
596	-5.480E-4
594	-6.880E-4
592	-7.040E-4
590	-4.390E-4
588	-4.640E-4
586	-6.490E-4
584	-5.790E-4
582	-5.400E-4
580	-6.340E-4
578	-6.600E-4
576	-6.090E-4
574	-5.820E-4
572	-5.880E-4
570	-6.040E-4
568	-6.210E-4
566	-6.000E-4
564	-5.950E-4
562	-4.880E-4
560	-4.130E-4
558	-5.500E-4
556	-6.730E-4
554	-6.900E-4
552	-6.550E-4
550	-5.510E-4
548	-4.600E-4
546	-3.910E-4
544	-5.360E-4
542	-4.490E-4
540	-4.310E-4
538	-4.290E-4
536	-4.160E-4
534	-5.310E-4
532	-4.080E-4
530	-3.010E-4
528	-3.170E-4
526	-2.340E-4
524	-3.560E-4
522	-3.600E-4
520	-3.880E-4
518	-3.310E-4
516	-3.810E-4
514	-2.660E-4
512	-3.230E-4
510	-3.060E-4
508	-1.960E-4
506	-2.300E-4
504	-2.610E-4
502	-3.030E-4
500	-3.440E-4
498	-9.300E-5
496	1.000E-5
494	-7.800E-5
492	-4.000E-5
490	-2.520E-4
488	-6.400E-5
486	-1.410E-4
484	4.300E-5
482	-6.200E-5
480	1.550E-4
478	6.800E-5
476	3.800E-5
474	2.410E-4
472	-6.500E-5
470	4.700E-5
468	2.540E-4
466	1.390E-4
464	4.300E-5
462	2.520E-4
460	1.470E-4
458	1.450E-4
456	3.460E-4
454	9.900E-5
452	3.190E-4
450	3.610E-4
448	3.070E-4
446	4.850E-4
444	4.480E-4
442	3.930E-4
440	3.000E-4
438	3.590E-4
436	2.590E-4
434	2.750E-4
432	5.480E-4
430	5.420E-4
428	4.930E-4
426	6.860E-4
424	5.720E-4
422	8.480E-4
420	8.990E-4
418	6.240E-4
416	5.060E-4
414	6.070E-4
412	6.950E-4
410	7.600E-4
408	8.230E-4
406	8.950E-4
404	8.190E-4
402	8.800E-4
400	8.590E-4
398	0.001045
396	9.420E-4
394	0.001168
392	0.001035
390	0.001161
388	0.001014
386	0.001156
384	0.001096
382	0.001191
380	0.001305
378	0.001415
376	0.001792
374	0.001629
372	0.001530
370	0.001656
368	0.001698
366	0.001964
364	0.001958
362	0.001730
360	0.002084
358	0.002040
356	0.001899
354	0.002083
352	0.002160
350	0.002070
348	0.002285
346	0.002726
344	0.002741
342	0.002524
340	0.002971
338	0.002973
336	0.002901
334	0.003077
332	0.003159
330	0.002928
328	0.003663
326	0.003676
324	0.003042
322	0.003634
320	0.004085
318	0.004040
316	0.003603
314	0.003413
312	0.003568
310	0.003864
308	0.004094
306	0.004004
304	0.004322
302	0.004757
300	0.004870
298	0.005114
296	0.005366
294	0.005695
292	0.005811
290	0.006159
288	0.006555
286	0.006879
284	0.007208
282	0.007650
280	0.008551
278	0.008604
276	0.009135
274	0.009389
272	0.009557
270	0.009783
268	0.01055
266	0.01112
264	0.01231
262	0.01357
260	0.01458
258	0.01613
256	0.01816
254	0.01991
252	0.02272
250	0.02604
248	0.02991
246	0.03448
244	0.03982
242	0.04647
240	0.05418
238	0.06312
236	0.07336
234	0.08505
232	0.09932
230	0.1158
228	0.1344
226	0.1556
224	0.1800
222	0.2078
220	0.2396
218	0.2777
216	0.3231
214	0.3792
212	0.4569
210	0.5549
208	0.3356
206	3.968
204	3.968
202	3.968
200	3.968
	