	A
	
	DCM.Sample.Raw.csv
2650	1.762
2645	1.610
2640	1.479
2635	1.366
2630	1.273
2625	1.199
2620	1.199
2615	1.186
2610	1.138
2605	1.062
2600	0.9925
2595	0.9651
2590	0.9478
2585	0.9637
2580	1.009
2575	1.057
2570	1.087
2565	1.193
2560	1.341
2555	1.494
2550	1.674
2545	1.909
2540	2.132
2535	2.270
2530	2.291
2525	2.207
2520	2.023
2515	1.854
2510	1.645
2505	1.399
2500	1.169
2495	1.015
2490	0.9065
2485	0.8054
2480	0.7178
2475	0.6554
2470	0.5989
2465	0.5653
2460	0.5487
2455	0.5431
2450	0.5513
2445	0.5757
2440	0.6265
2435	0.7053
2430	0.8050
2425	0.9487
2420	1.145
2415	1.338
2410	1.605
2405	1.866
2400	2.106
2395	2.238
2390	2.359
2385	2.377
2380	2.368
2375	2.378
2370	2.359
2365	2.316
2360	2.360
2355	2.388
2350	2.364
2345	2.243
2340	2.136
2335	1.962
2330	1.823
2325	1.680
2320	1.519
2315	1.396
2310	1.323
2305	1.283
2300	1.237
2295	1.232
2290	1.356
2285	1.493
2280	1.695
2275	1.904
2270	2.149
2265	2.330
2260	2.385
2255	2.353
2250	2.320
2245	2.353
2240	2.400
2235	2.379
2230	2.369
2225	2.321
2220	2.246
2215	2.039
2210	1.732
2205	1.407
2200	1.148
2195	0.9402
2190	0.7244
2185	0.5549
2180	0.4187
2175	0.3256
2170	0.2804
2165	0.2524
2160	0.2407
2155	0.2324
2150	0.2211
2145	0.2065
2140	0.1895
2135	0.1642
2130	0.1334
2125	0.1057
2120	0.1152
2115	0.1460
2110	0.1746
2105	0.1969
2100	0.2050
2095	0.2008
2090	0.2219
2085	0.2481
2080	0.2583
2075	0.2488
2070	0.2405
2065	0.2281
2060	0.2046
2055	0.1684
2050	0.1186
2045	0.07316
2040	0.06657
2035	0.07501
2030	0.07590
2025	0.06708
2020	0.05050
2015	0.03380
2010	0.05127
2005	0.08235
2000	0.1079
1995	0.1223
1990	0.1309
1985	0.1498
1980	0.1638
1975	0.1644
1970	0.1507
1965	0.1314
1960	0.1356
1955	0.1455
1950	0.1376
1945	0.1240
1940	0.1319
1935	0.1485
1930	0.1562
1925	0.1467
1920	0.1330
1915	0.1777
1910	0.2539
1905	0.3096
1900	0.3339
1895	0.3566
1890	0.3790
1885	0.3586
1880	0.3015
1875	0.2267
1870	0.1643
1865	0.1555
1860	0.1913
1855	0.2546
1850	0.3127
1845	0.3580
1840	0.3819
1835	0.3886
1830	0.3680
1825	0.3233
1820	0.2616
1815	0.1916
1810	0.1603
1805	0.1598
1800	0.1552
1798	0.1448
1796	0.1359
1794	0.1282
1792	0.1214
1790	0.1154
1788	0.1098
1786	0.1044
1784	0.09953
1782	0.09570
1780	0.09356
1778	0.09276
1776	0.09319
1774	0.09453
1772	0.09655
1770	0.09907
1768	0.1017
1766	0.1038
1764	0.1047
1762	0.1042
1760	0.1033
1758	0.1027
1756	0.1029
1754	0.1050
1752	0.1090
1750	0.1160
1748	0.1264
1746	0.1412
1744	0.1607
1742	0.1856
1740	0.2168
1738	0.2549
1736	0.3006
1734	0.3562
1732	0.4219
1730	0.4995
1728	0.5911
1726	0.6977
1724	0.8192
1722	0.9565
1720	1.111
1718	1.286
1716	1.480
1714	1.698
1712	1.928
1710	2.158
1708	2.380
1706	2.610
1704	2.828
1702	3.037
1700	3.183
1698	3.297
1696	3.421
1694	3.431
1692	3.217
1690	2.830
1688	2.449
1686	2.129
1684	1.859
1682	1.630
1680	1.436
1678	1.273
1676	1.137
1674	1.025
1672	0.9374
1670	0.8719
1668	0.8277
1666	0.8033
1664	0.7986
1662	0.8138
1660	0.8495
1658	0.9052
1656	0.9772
1654	1.059
1652	1.133
1650	1.171
1648	1.150
1646	1.069
1644	0.9527
1642	0.8258
1640	0.7041
1638	0.5954
1636	0.5009
1634	0.4193
1632	0.3506
1630	0.2930
1628	0.2444
1626	0.2034
1624	0.1694
1622	0.1413
1620	0.1181
1618	0.09924
1616	0.08388
1614	0.07095
1612	0.06033
1610	0.05167
1608	0.04446
1606	0.03826
1604	0.03300
1602	0.02855
1600	0.02470
1598	0.02126
1596	0.01834
1594	0.01586
1592	0.01383
1590	0.01215
1588	0.01082
1586	0.009697
1584	0.008796
1582	0.008120
1580	0.007637
1578	0.007274
1576	0.007100
1574	0.007226
1572	0.007741
1570	0.008595
1568	0.009610
1566	0.01076
1564	0.01205
1562	0.01350
1560	0.01485
1558	0.01593
1556	0.01656
1554	0.01671
1552	0.01661
1550	0.01627
1548	0.01566
1546	0.01485
1544	0.01404
1542	0.01310
1540	0.01222
1538	0.01162
1536	0.01119
1534	0.01089
1532	0.01081
1530	0.01089
1528	0.01116
1526	0.01176
1524	0.01264
1522	0.01397
1520	0.01573
1518	0.01794
1516	0.02079
1514	0.02424
1512	0.02811
1510	0.03223
1508	0.03658
1506	0.04083
1504	0.04459
1502	0.04770
1500	0.04995
1498	0.05119
1496	0.05153
1494	0.05145
1492	0.05124
1490	0.05140
1488	0.05228
1486	0.05441
1484	0.05829
1482	0.06365
1480	0.07001
1478	0.07661
1476	0.08274
1474	0.08733
1472	0.08973
1470	0.08938
1468	0.08601
1466	0.07968
1464	0.07141
1462	0.06228
1460	0.05353
1458	0.04597
1456	0.04043
1454	0.03769
1452	0.03786
1450	0.04140
1448	0.04827
1446	0.05759
1444	0.06849
1442	0.08047
1440	0.09312
1438	0.1065
1436	0.1212
1434	0.1379
1432	0.1571
1430	0.1793
1428	0.2054
1426	0.2346
1424	0.2653
1422	0.2946
1420	0.3191
1418	0.3343
1416	0.3373
1414	0.3278
1412	0.3082
1410	0.2822
1408	0.2534
1406	0.2258
1404	0.2015
1402	0.1816
1400	0.1665
1398	0.1552
1396	0.1455
1394	0.1365
1392	0.1278
1390	0.1197
1388	0.1126
1386	0.1076
1384	0.1064
1382	0.1104
1380	0.1205
1378	0.1361
1376	0.1562
1374	0.1781
1372	0.1996
1370	0.2174
1368	0.2281
1366	0.2287
1364	0.2184
1362	0.1995
1360	0.1763
1358	0.1532
1356	0.1318
1354	0.1135
1352	0.09857
1350	0.08781
1348	0.08047
1346	0.07633
1344	0.07344
1342	0.06992
1340	0.06455
1338	0.05756
1336	0.04948
1334	0.04095
1332	0.03267
1330	0.02478
1328	0.01772
1326	0.01204
1324	0.007796
1322	0.005271
1320	0.003638
1318	0.002694
1316	0.002056
1314	0.001717
1312	0.001508
1310	0.001362
1308	0.001425
1306	0.001448
1304	0.001465
1302	0.001352
1300	0.001203
1298	9.420E-4
1296	6.830E-4
1294	3.060E-4
1292	-6.100E-5
1290	-3.070E-4
1288	-5.110E-4
1286	-8.330E-4
1284	-0.001053
1282	-0.001125
1280	-0.001236
1278	-0.001302
1276	-0.001332
1274	-0.001349
1272	-0.001425
1270	-0.001453
1268	-0.001542
1266	-0.001475
1264	-0.001492
1262	-0.001398
1260	-0.001268
1258	-0.001083
1256	-7.050E-4
1254	-3.400E-4
1252	2.800E-5
1250	4.620E-4
1248	9.360E-4
1246	0.001388
1244	0.001948
1242	0.002498
1240	0.003240
1238	0.004141
1236	0.005137
1234	0.006379
1232	0.007621
1230	0.008894
1228	0.01002
1226	0.01099
1224	0.01168
1222	0.01209
1220	0.01230
1218	0.01245
1216	0.01266
1214	0.01287
1212	0.01322
1210	0.01355
1208	0.01396
1206	0.01459
1204	0.01513
1202	0.01550
1200	0.01562
1198	0.01553
1196	0.01530
1194	0.01500
1192	0.01458
1190	0.01412
1188	0.01371
1186	0.01366
1184	0.01438
1182	0.01606
1180	0.01906
1178	0.02374
1176	0.03091
1174	0.04162
1172	0.05685
1170	0.07741
1168	0.1033
1166	0.1342
1164	0.1702
1162	0.2105
1160	0.2526
1158	0.2929
1156	0.3260
1154	0.3461
1152	0.3504
1150	0.3391
1148	0.3151
1146	0.2821
1144	0.2439
1142	0.2052
1140	0.1701
1138	0.1405
1136	0.1167
1134	0.09840
1132	0.08464
1130	0.07471
1128	0.06832
1126	0.06474
1124	0.06269
1122	0.06075
1120	0.05798
1118	0.05447
1116	0.05039
1114	0.04583
1112	0.04084
1110	0.03527
1108	0.02948
1106	0.02374
1104	0.01858
1102	0.01424
1100	0.01055
1098	0.007344
1096	0.004771
1094	0.002590
1092	0.001053
1090	1.320E-4
1088	-4.060E-4
1086	-6.770E-4
1084	-7.450E-4
1082	-6.900E-4
1080	-5.350E-4
1078	-3.700E-4
1076	-2.750E-4
1074	-8.100E-5
1072	-1.400E-5
1070	1.330E-4
1068	3.510E-4
1066	6.750E-4
1064	9.480E-4
1062	0.001281
1060	0.001589
1058	0.002024
1056	0.002456
1054	0.002814
1052	0.002978
1050	0.003094
1048	0.003068
1046	0.002909
1044	0.002764
1042	0.002540
1040	0.002491
1038	0.002820
1036	0.003492
1034	0.004444
1032	0.005831
1030	0.007446
1028	0.009176
1026	0.01096
1024	0.01261
1022	0.01385
1020	0.01442
1018	0.01442
1016	0.01401
1014	0.01313
1012	0.01206
1010	0.01076
1008	0.009426
1006	0.008113
1004	0.006974
1002	0.006350
1000	0.005728
998	0.005429
996	0.005020
994	0.004511
992	0.004166
990	0.003784
988	0.003285
986	0.002816
984	0.002148
982	0.001545
980	9.720E-4
978	3.300E-4
976	-2.310E-4
974	-5.910E-4
972	-9.110E-4
970	-0.001288
968	-0.001489
966	-0.001679
964	-0.001871
962	-0.001875
960	-0.001955
958	-0.002166
956	-0.002185
954	-0.002274
952	-0.002442
950	-0.002391
948	-0.002475
946	-0.002524
944	-0.002492
942	-0.002487
940	-0.002480
938	-0.002457
936	-0.002427
934	-0.002454
932	-0.002394
930	-0.002251
928	-0.002145
926	-0.002091
924	-0.001945
922	-0.001742
920	-0.001751
918	-0.001474
916	-0.001459
914	-0.001344
912	-0.001100
910	-0.001102
908	-8.950E-4
906	-6.150E-4
904	-2.570E-4
902	4.670E-4
900	0.001532
898	0.002802
896	0.004451
894	0.006578
892	0.008979
890	0.01124
888	0.01369
886	0.01586
884	0.01738
882	0.01815
880	0.01796
878	0.01686
876	0.01564
874	0.01341
872	0.01106
870	0.008527
868	0.006366
866	0.004568
864	0.002621
862	0.001896
860	0.002911
858	4.690E-4
856	-5.100E-5
854	5.300E-4
852	-3.800E-5
850	2.110E-4
848	-0.001275
846	-0.001717
844	-0.001640
842	-0.002195
840	-0.002444
838	-0.002747
836	-0.001912
834	-0.002627
832	-0.001939
830	-0.002598
828	-0.001898
826	-0.002546
824	-0.001979
822	-0.002305
820	-0.002248
818	-0.001978
816	-0.002093
814	-0.002466
812	-0.001972
810	-0.001967
808	-0.001992
806	-8.620E-4
804	-9.900E-4
802	-0.001477
800	-0.001685
798	-0.001846
796	-0.001907
794	-0.001959
792	-0.001965
790	-0.002263
788	-0.002129
786	-0.002293
784	-0.002532
782	-0.002358
780	-0.002264
778	-0.002317
776	-0.002559
774	-0.002831
772	-0.002666
770	-0.002378
768	-0.002640
766	-0.002530
764	-0.002683
762	-0.002655
760	-0.002704
758	-0.002687
756	-0.002670
754	-0.002678
752	-0.002579
750	-0.002496
748	-0.002713
746	-0.002580
744	-0.002681
742	-0.002738
740	-0.002711
738	-0.002415
736	-0.002296
734	-0.002153
732	-0.002427
730	-0.002104
728	-0.001365
726	-6.380E-4
724	-1.910E-4
722	-2.090E-4
720	-2.900E-4
718	-7.510E-4
716	-0.001298
714	-0.001587
712	-0.002013
710	-0.002293
708	-0.002294
706	-0.002302
704	-0.002481
702	-0.002477
700	-0.002338
698	-0.002252
696	-0.002282
694	-0.002380
692	-0.002688
690	-0.002622
688	-0.002515
686	-0.002377
684	-0.002236
682	-0.002223
680	-0.002263
678	-0.002304
676	-0.002369
674	-0.002348
672	-0.002358
670	-0.002436
668	-0.002446
666	-0.002463
664	-0.002276
662	-0.002232
660	-0.002373
658	-0.002498
656	-0.002415
654	-0.002346
652	-0.002330
650	-0.002224
648	-0.002291
646	-0.002376
644	-0.002384
642	-0.002320
640	-0.002353
638	-0.002470
636	-0.002356
634	-0.002219
632	-0.002359
630	-0.002342
628	-0.002189
626	-0.002134
624	-0.002143
622	-0.002047
620	-0.001988
618	-0.001908
616	-0.001708
614	-0.001749
612	-0.001945
610	-0.002070
608	-0.001971
606	-0.001949
604	-0.002085
602	-0.002098
600	-0.002082
598	-0.002091
596	-0.002027
594	-0.002152
592	-0.002063
590	-0.001845
588	-0.001853
586	-0.001987
584	-0.001899
582	-0.001841
580	-0.001951
578	-0.001829
576	-0.001890
574	-0.001918
572	-0.001871
570	-0.001840
568	-0.001850
566	-0.001889
564	-0.001863
562	-0.001773
560	-0.001665
558	-0.001821
556	-0.001922
554	-0.001908
552	-0.001914
550	-0.001768
548	-0.001747
546	-0.001635
544	-0.001648
542	-0.001666
540	-0.001620
538	-0.001705
536	-0.001708
534	-0.001747
532	-0.001570
530	-0.001453
528	-0.001509
526	-0.001517
524	-0.001533
522	-0.001521
520	-0.001548
518	-0.001564
516	-0.001626
514	-0.001352
512	-0.001391
510	-0.001273
508	-0.001184
506	-0.001052
504	-0.001195
502	-0.001241
500	-0.001126
498	-9.770E-4
496	-0.001024
494	-9.710E-4
492	-9.500E-4
490	-0.001037
488	-8.900E-4
486	-9.210E-4
484	-7.550E-4
482	-8.170E-4
480	-4.380E-4
478	-4.900E-4
476	-5.650E-4
474	-5.020E-4
472	-4.980E-4
470	-4.810E-4
468	-2.600E-4
466	-2.420E-4
464	-4.620E-4
462	-2.790E-4
460	-3.760E-4
458	-4.160E-4
456	-3.310E-4
454	-4.550E-4
452	-1.730E-4
450	-1.950E-4
448	-1.380E-4
446	-6.000E-6
444	-3.530E-4
442	-1.610E-4
440	-1.860E-4
438	-2.920E-4
436	-3.470E-4
434	-2.690E-4
432	4.800E-5
430	-1.450E-4
428	-5.300E-5
426	-2.150E-4
424	-1.200E-4
422	-2.120E-4
420	-7.900E-5
418	-1.150E-4
416	-2.080E-4
414	-1.270E-4
412	-1.390E-4
410	-2.590E-4
408	7.700E-5
406	-4.200E-5
404	1.050E-4
402	1.900E-4
400	5.500E-5
398	3.190E-4
396	9.100E-5
394	5.770E-4
392	2.150E-4
390	4.050E-4
388	3.500E-4
386	8.860E-4
384	5.590E-4
382	4.850E-4
380	8.430E-4
378	0.001047
376	0.001238
374	8.890E-4
372	0.001261
370	9.510E-4
368	0.001060
366	0.001527
364	0.001085
362	0.001504
360	0.001595
358	0.001927
356	0.001865
354	0.001562
352	0.001681
350	0.001714
348	0.001973
346	0.002369
344	0.002107
342	0.002379
340	0.002504
338	0.002328
336	0.002813
334	0.002804
332	0.003192
330	0.003353
328	0.003881
326	0.003943
324	0.003833
322	0.004279
320	0.004617
318	0.004607
316	0.004254
314	0.004159
312	0.004509
310	0.004601
308	0.005029
306	0.004918
304	0.005021
302	0.005371
300	0.005325
298	0.005648
296	0.005797
294	0.006285
292	0.006403
290	0.007118
288	0.008617
286	0.01090
284	0.01253
282	0.01345
280	0.01413
278	0.01462
276	0.01519
274	0.01590
272	0.01555
270	0.01479
268	0.01449
266	0.01466
264	0.01434
262	0.01389
260	0.01427
258	0.01479
256	0.01605
254	0.01770
252	0.02073
250	0.02547
248	0.03294
246	0.04473
244	0.06376
242	0.09499
240	0.1452
238	0.2258
236	0.3521
234	0.5497
232	0.8576
230	1.331
228	2.058
226	3.155
224	3.969
222	3.969
220	3.969
218	3.969
216	3.969
214	3.969
212	3.969
210	3.969
208	3.969
206	3.969
204	3.969
202	3.969
200	3.969

