	A
	
	EtOH.Sample.Raw.csv
2650	4.000
2645	4.000
2640	4.000
2635	4.000
2630	4.000
2625	4.000
2620	4.000
2615	4.000
2610	4.000
2605	4.000
2600	4.000
2595	4.000
2590	4.000
2585	4.000
2580	4.000
2575	4.000
2570	4.000
2565	4.000
2560	4.000
2555	4.000
2550	4.000
2545	4.000
2540	4.000
2535	4.000
2530	4.000
2525	4.000
2520	4.000
2515	4.000
2510	4.000
2505	4.000
2500	4.000
2495	4.000
2490	4.000
2485	4.000
2480	4.000
2475	4.000
2470	4.000
2465	4.000
2460	4.000
2455	4.000
2450	4.000
2445	4.000
2440	4.000
2435	4.000
2430	4.000
2425	4.000
2420	4.000
2415	4.000
2410	4.000
2405	4.000
2400	4.000
2395	4.000
2390	4.000
2385	4.000
2380	4.000
2375	4.000
2370	4.000
2365	4.000
2360	4.000
2355	4.000
2350	4.000
2345	4.000
2340	4.000
2335	4.000
2330	4.000
2325	4.000
2320	4.000
2315	4.000
2310	4.000
2305	4.000
2300	4.000
2295	4.000
2290	4.000
2285	4.000
2280	4.000
2275	4.000
2270	4.000
2265	4.000
2260	4.000
2255	4.000
2250	4.000
2245	4.000
2240	4.000
2235	4.000
2230	4.000
2225	4.000
2220	4.000
2215	4.000
2210	4.000
2205	4.000
2200	4.000
2195	4.000
2190	4.000
2185	4.000
2180	4.000
2175	4.000
2170	4.000
2165	4.000
2160	4.000
2155	4.000
2150	4.000
2145	4.000
2140	4.000
2135	4.000
2130	4.000
2125	4.000
2120	4.000
2115	4.000
2110	4.000
2105	4.000
2100	4.000
2095	4.000
2090	4.000
2085	4.000
2080	4.000
2075	4.000
2070	4.000
2065	4.000
2060	4.000
2055	4.000
2050	4.000
2045	4.000
2040	3.962
2035	3.799
2030	3.568
2025	3.313
2020	3.029
2015	2.750
2010	2.554
2005	2.446
2000	2.476
1995	2.407
1990	2.457
1985	2.511
1980	2.546
1975	2.611
1970	2.642
1965	2.702
1960	2.798
1955	2.902
1950	2.937
1945	2.927
1940	2.967
1935	2.932
1930	2.850
1925	2.745
1920	2.591
1915	2.449
1910	2.306
1905	2.176
1900	1.978
1895	1.785
1890	1.626
1885	1.443
1880	1.285
1875	1.142
1870	1.030
1865	0.9687
1860	0.9645
1855	1.005
1850	1.066
1845	1.135
1840	1.208
1835	1.279
1830	1.338
1825	1.383
1820	1.433
1815	1.481
1810	1.527
1805	1.569
1800	1.611
1798	1.633
1796	1.656
1794	1.682
1792	1.709
1790	1.739
1788	1.772
1786	1.808
1784	1.848
1782	1.893
1780	1.938
1778	1.991
1776	2.046
1774	2.109
1772	2.172
1770	2.237
1768	2.298
1766	2.352
1764	2.396
1762	2.429
1760	2.455
1758	2.466
1756	2.484
1754	2.495
1752	2.506
1750	2.535
1748	2.575
1746	2.620
1744	2.687
1742	2.763
1740	2.852
1738	2.953
1736	3.061
1734	3.163
1732	3.232
1730	3.281
1728	3.325
1726	3.302
1724	3.285
1722	3.247
1720	3.247
1718	3.224
1716	3.213
1714	3.211
1712	3.224
1710	3.243
1708	3.264
1706	3.318
1704	3.351
1702	3.396
1700	3.432
1698	3.477
1696	3.511
1694	3.451
1692	3.360
1690	3.173
1688	2.931
1686	2.717
1684	2.521
1682	2.347
1680	2.195
1678	2.064
1676	1.951
1674	1.854
1672	1.775
1670	1.710
1668	1.658
1666	1.618
1664	1.587
1662	1.565
1660	1.551
1658	1.545
1656	1.544
1654	1.548
1652	1.556
1650	1.568
1648	1.583
1646	1.602
1644	1.623
1642	1.647
1640	1.674
1638	1.702
1636	1.734
1634	1.767
1632	1.802
1630	1.838
1628	1.877
1626	1.916
1624	1.957
1622	1.999
1620	2.042
1618	2.086
1616	2.129
1614	2.172
1612	2.215
1610	2.257
1608	2.300
1606	2.342
1604	2.380
1602	2.418
1600	2.456
1598	2.489
1596	2.519
1594	2.552
1592	2.583
1590	2.606
1588	2.627
1586	2.645
1584	2.658
1582	2.668
1580	2.673
1578	2.676
1576	2.679
1574	2.672
1572	2.660
1570	2.651
1568	2.639
1566	2.623
1564	2.605
1562	2.588
1560	2.567
1558	2.550
1556	2.531
1554	2.513
1552	2.495
1550	2.482
1548	2.467
1546	2.452
1544	2.443
1542	2.430
1540	2.419
1538	2.410
1536	2.404
1534	2.400
1532	2.394
1530	2.392
1528	2.390
1526	2.389
1524	2.389
1522	2.389
1520	2.390
1518	2.391
1516	2.393
1514	2.393
1512	2.395
1510	2.396
1508	2.396
1506	2.396
1504	2.395
1502	2.395
1500	2.393
1498	2.389
1496	2.385
1494	2.378
1492	2.372
1490	2.362
1488	2.349
1486	2.337
1484	2.325
1482	2.309
1480	2.293
1478	2.279
1476	2.261
1474	2.243
1472	2.225
1470	2.204
1468	2.182
1466	2.156
1464	2.129
1462	2.097
1460	2.063
1458	2.027
1456	1.989
1454	1.949
1452	1.907
1450	1.866
1448	1.824
1446	1.784
1444	1.745
1442	1.707
1440	1.670
1438	1.634
1436	1.598
1434	1.563
1432	1.528
1430	1.494
1428	1.460
1426	1.426
1424	1.393
1422	1.361
1420	1.329
1418	1.296
1416	1.262
1414	1.225
1412	1.186
1410	1.144
1408	1.101
1406	1.057
1404	1.014
1402	0.9728
1400	0.9339
1398	0.8983
1396	0.8652
1394	0.8357
1392	0.8088
1390	0.7846
1388	0.7617
1386	0.7399
1384	0.7185
1382	0.6968
1380	0.6747
1378	0.6525
1376	0.6298
1374	0.6067
1372	0.5837
1370	0.5611
1368	0.5386
1366	0.5163
1364	0.4934
1362	0.4700
1360	0.4457
1358	0.4213
1356	0.3954
1354	0.3689
1352	0.3421
1350	0.3158
1348	0.2904
1346	0.2672
1344	0.2457
1342	0.2262
1340	0.2091
1338	0.1945
1336	0.1818
1334	0.1710
1332	0.1618
1330	0.1537
1328	0.1465
1326	0.1405
1324	0.1351
1322	0.1306
1320	0.1267
1318	0.1234
1316	0.1206
1314	0.1183
1312	0.1165
1310	0.1152
1308	0.1142
1306	0.1135
1304	0.1133
1302	0.1133
1300	0.1136
1298	0.1142
1296	0.1152
1294	0.1163
1292	0.1177
1290	0.1195
1288	0.1216
1286	0.1240
1284	0.1265
1282	0.1294
1280	0.1325
1278	0.1357
1276	0.1392
1274	0.1428
1272	0.1465
1270	0.1501
1268	0.1538
1266	0.1575
1264	0.1612
1262	0.1650
1260	0.1687
1258	0.1725
1256	0.1767
1254	0.1810
1252	0.1857
1250	0.1910
1248	0.1968
1246	0.2032
1244	0.2105
1242	0.2186
1240	0.2276
1238	0.2373
1236	0.2480
1234	0.2596
1232	0.2719
1230	0.2848
1228	0.2983
1226	0.3122
1224	0.3261
1222	0.3399
1220	0.3532
1218	0.3657
1216	0.3774
1214	0.3878
1212	0.3971
1210	0.4052
1208	0.4126
1206	0.4200
1204	0.4283
1202	0.4382
1200	0.4501
1198	0.4639
1196	0.4793
1194	0.4954
1192	0.5106
1190	0.5231
1188	0.5302
1186	0.5302
1184	0.5235
1182	0.5088
1180	0.4874
1178	0.4611
1176	0.4315
1174	0.4007
1172	0.3699
1170	0.3401
1168	0.3121
1166	0.2865
1164	0.2634
1162	0.2431
1160	0.2254
1158	0.2102
1156	0.1969
1154	0.1855
1152	0.1754
1150	0.1663
1148	0.1574
1146	0.1483
1144	0.1387
1142	0.1283
1140	0.1175
1138	0.1064
1136	0.09516
1134	0.08439
1132	0.07444
1130	0.06543
1128	0.05768
1126	0.05128
1124	0.04615
1122	0.04220
1120	0.03921
1118	0.03704
1116	0.03544
1114	0.03426
1112	0.03344
1110	0.03293
1108	0.03265
1106	0.03244
1104	0.03240
1102	0.03248
1100	0.03263
1098	0.03297
1096	0.03348
1094	0.03396
1092	0.03451
1090	0.03523
1088	0.03597
1086	0.03674
1084	0.03755
1082	0.03827
1080	0.03903
1078	0.03977
1076	0.04043
1074	0.04108
1072	0.04169
1070	0.04229
1068	0.04288
1066	0.04360
1064	0.04423
1062	0.04489
1060	0.04549
1058	0.04617
1056	0.04692
1054	0.04761
1052	0.04819
1050	0.04878
1048	0.04934
1046	0.04983
1044	0.05028
1042	0.05067
1040	0.05108
1038	0.05153
1036	0.05206
1034	0.05266
1032	0.05343
1030	0.05435
1028	0.05532
1026	0.05641
1024	0.05749
1022	0.05858
1020	0.05949
1018	0.06018
1016	0.06075
1014	0.06089
1012	0.06084
1010	0.06043
1008	0.05971
1006	0.05854
1004	0.05719
1002	0.05574
1000	0.05409
998	0.05246
996	0.05069
994	0.04887
992	0.04703
990	0.04518
988	0.04331
986	0.04156
984	0.03977
982	0.03817
980	0.03650
978	0.03502
976	0.03369
974	0.03247
972	0.03136
970	0.03014
968	0.02912
966	0.02809
964	0.02695
962	0.02612
960	0.02521
958	0.02436
956	0.02365
954	0.02329
952	0.02293
950	0.02298
948	0.02297
946	0.02365
944	0.02424
942	0.02497
940	0.02580
938	0.02656
936	0.02733
934	0.02782
932	0.02843
930	0.02912
928	0.02976
926	0.03038
924	0.03126
922	0.03244
920	0.03364
918	0.03530
916	0.03679
914	0.03837
912	0.03991
910	0.04081
908	0.04130
906	0.04087
904	0.03985
902	0.03786
900	0.03556
898	0.03254
896	0.02898
894	0.02556
892	0.02208
890	0.01872
888	0.01597
886	0.01376
884	0.01173
882	0.01028
880	0.008911
878	0.007642
876	0.007144
874	0.006232
872	0.005836
870	0.004991
868	0.004372
866	0.004120
864	0.003356
862	0.002880
860	-0.01058
858	0.002865
856	0.001809
854	0.002111
852	0.002318
850	0.002513
848	0.001956
846	0.001889
844	0.001318
842	0.001630
840	0.001379
838	0.001860
836	0.001984
834	0.001701
832	0.002341
830	0.001659
828	0.002418
826	0.002081
824	0.002019
822	0.002039
820	0.002372
818	0.002194
816	0.002236
814	0.001893
812	0.001939
810	0.002484
808	0.001972
806	0.002640
804	0.002015
802	0.002127
800	0.001865
798	0.001862
796	0.001533
794	0.001165
792	0.001265
790	0.001362
788	0.001351
786	0.001272
784	9.410E-4
782	0.001443
780	0.001751
778	0.001529
776	0.001471
774	0.001737
772	0.001836
770	0.002037
768	0.002088
766	0.002105
764	0.002117
762	0.002117
760	0.001932
758	0.001868
756	0.001702
754	0.001608
752	0.001730
750	0.002110
748	0.002298
746	0.002823
744	0.003147
742	0.003336
740	0.003419
738	0.002840
736	0.001658
734	0.001110
732	3.300E-4
730	-1.180E-4
728	-5.700E-5
726	-5.500E-4
724	-6.130E-4
722	-0.001028
720	-0.001004
718	-0.001192
716	-0.001181
714	-9.480E-4
712	-0.001087
710	-0.001286
708	-0.001297
706	-0.001175
704	-0.001389
702	-0.001355
700	-0.001375
698	-0.001268
696	-0.001348
694	-0.001547
692	-0.001847
690	-0.001673
688	-0.001566
686	-0.001504
684	-0.001299
682	-0.001399
680	-0.001398
678	-0.001311
676	-0.001268
674	-0.001243
672	-0.001437
670	-0.001515
668	-0.001473
666	-0.001382
664	-0.001171
662	-0.001184
660	-0.001263
658	-0.001339
656	-0.001291
654	-0.001165
652	-0.001101
650	-9.990E-4
648	-0.001072
646	-0.001025
644	-8.810E-4
642	-9.630E-4
640	-0.001196
638	-0.001103
636	-7.570E-4
634	-6.750E-4
632	-6.940E-4
630	-6.520E-4
628	-8.050E-4
626	-9.600E-4
624	-8.170E-4
622	-8.000E-4
620	-8.750E-4
618	-8.490E-4
616	-7.590E-4
614	-7.790E-4
612	-7.870E-4
610	-8.250E-4
608	-7.300E-4
606	-6.670E-4
604	-7.490E-4
602	-5.870E-4
600	-5.580E-4
598	-6.660E-4
596	-7.200E-4
594	-8.550E-4
592	-5.540E-4
590	-3.440E-4
588	-4.310E-4
586	-4.610E-4
584	-4.070E-4
582	-4.140E-4
580	-4.300E-4
578	-4.320E-4
576	-3.740E-4
574	-3.330E-4
572	-3.380E-4
570	-2.430E-4
568	-1.130E-4
566	-2.210E-4
564	-1.260E-4
562	4.700E-5
560	1.350E-4
558	2.500E-5
556	-5.800E-5
554	-1.700E-5
552	8.900E-5
550	3.240E-4
548	4.080E-4
546	4.090E-4
544	3.290E-4
542	4.190E-4
540	4.220E-4
538	3.690E-4
536	4.750E-4
534	4.690E-4
532	6.190E-4
530	5.550E-4
528	6.120E-4
526	7.330E-4
524	7.590E-4
522	6.670E-4
520	7.640E-4
518	8.150E-4
516	7.570E-4
514	8.590E-4
512	6.950E-4
510	8.000E-4
508	0.001028
506	8.710E-4
504	7.510E-4
502	7.870E-4
500	0.001129
498	0.001358
496	0.001275
494	0.001153
492	0.001364
490	0.001389
488	0.001721
486	0.001581
484	0.001718
482	0.001736
480	0.002111
478	0.002180
476	0.002158
474	0.002343
472	0.002169
470	0.002128
468	0.002298
466	0.002414
464	0.002417
462	0.002509
460	0.002711
458	0.002603
456	0.002767
454	0.002697
452	0.003087
450	0.003076
448	0.003116
446	0.003280
444	0.003339
442	0.003510
440	0.003429
438	0.003439
436	0.003595
434	0.003620
432	0.004044
430	0.003952
428	0.003890
426	0.004238
424	0.004106
422	0.004028
420	0.004548
418	0.004394
416	0.004492
414	0.004551
412	0.004697
410	0.004826
408	0.005045
406	0.004965
404	0.005362
402	0.005297
400	0.005294
398	0.005479
396	0.005433
394	0.005803
392	0.005616
390	0.006020
388	0.006205
386	0.006194
384	0.006365
382	0.006450
380	0.007016
378	0.007066
376	0.007526
374	0.007439
372	0.007774
370	0.007746
368	0.007980
366	0.008283
364	0.008388
362	0.009137
360	0.009315
358	0.009320
356	0.009519
354	0.01004
352	0.01023
350	0.01030
348	0.01104
346	0.01135
344	0.01139
342	0.01197
340	0.01238
338	0.01233
336	0.01267
334	0.01312
332	0.01348
330	0.01399
328	0.01483
326	0.01491
324	0.01491
322	0.01548
320	0.01610
318	0.01637
316	0.01521
314	0.01535
312	0.01639
310	0.01722
308	0.01814
306	0.01882
304	0.02004
302	0.02123
300	0.02188
298	0.02291
296	0.02358
294	0.02432
292	0.02513
290	0.02567
288	0.02674
286	0.02793
284	0.02896
282	0.02962
280	0.03083
278	0.03164
276	0.03323
274	0.03523
272	0.03780
270	0.04071
268	0.04504
266	0.04899
264	0.05205
262	0.05490
260	0.05748
258	0.06031
256	0.06337
254	0.06628
252	0.06933
250	0.07289
248	0.07764
246	0.08301
244	0.08946
242	0.09780
240	0.1083
238	0.1207
236	0.1344
234	0.1498
232	0.1676
230	0.1870
228	0.2088
226	0.2338
224	0.2609
222	0.2886
220	0.3190
218	0.3531
216	0.3926
214	0.4405
212	0.5098
210	0.6583
208	3.963
206	3.963
204	3.963
202	3.963
200	3.963
	--
