# Q / Ang^(-1)		D_S/D_T			D_S/D_rho
  5.2530000e-003  0.0000000e+000  0.0000000e+000
  1.1297000e-002  0.0000000e+000  0.0000000e+000
  1.7342000e-002  0.0000000e+000  0.0000000e+000
  2.3387000e-002  0.0000000e+000  0.0000000e+000
  2.9432000e-002  0.0000000e+000  0.0000000e+000
  3.5477000e-002  0.0000000e+000  0.0000000e+000
  4.1521000e-002  0.0000000e+000  0.0000000e+000
  4.7566000e-002  0.0000000e+000  0.0000000e+000
  5.3611000e-002  0.0000000e+000  0.0000000e+000
  5.9656000e-002  0.0000000e+000  0.0000000e+000
  6.5700000e-002  0.0000000e+000  0.0000000e+000
  7.1745000e-002  0.0000000e+000  0.0000000e+000
  7.7790000e-002  0.0000000e+000  0.0000000e+000
  8.3835000e-002  0.0000000e+000  0.0000000e+000
  8.9880000e-002  0.0000000e+000  0.0000000e+000
  9.5924000e-002  0.0000000e+000  0.0000000e+000
  1.0196900e-001  0.0000000e+000  0.0000000e+000
  1.0801400e-001  0.0000000e+000  0.0000000e+000
  1.1405900e-001  0.0000000e+000  0.0000000e+000
  1.2010300e-001  0.0000000e+000  0.0000000e+000
  1.2614800e-001  0.0000000e+000  0.0000000e+000
  1.3219300e-001  0.0000000e+000  0.0000000e+000
  1.3823800e-001  0.0000000e+000  0.0000000e+000
  1.4428300e-001  0.0000000e+000  0.0000000e+000
  1.5032700e-001  0.0000000e+000  0.0000000e+000
  1.5637200e-001  0.0000000e+000  0.0000000e+000
  1.6241700e-001  0.0000000e+000  0.0000000e+000
  1.6846200e-001  0.0000000e+000  0.0000000e+000
  1.7450600e-001  0.0000000e+000  0.0000000e+000
  1.8055100e-001  0.0000000e+000  0.0000000e+000
  1.8659600e-001  0.0000000e+000  0.0000000e+000
  1.9264100e-001  0.0000000e+000  0.0000000e+000
  1.9868500e-001  0.0000000e+000  0.0000000e+000
  2.0473000e-001  0.0000000e+000  0.0000000e+000
  2.1077500e-001  0.0000000e+000  0.0000000e+000
  2.1682000e-001  0.0000000e+000  0.0000000e+000
  2.2286500e-001  0.0000000e+000  0.0000000e+000
  2.2890900e-001  0.0000000e+000  0.0000000e+000
  2.3495400e-001  0.0000000e+000  0.0000000e+000
  2.4099900e-001  0.0000000e+000  0.0000000e+000
  2.4704400e-001  0.0000000e+000  0.0000000e+000
  2.5308800e-001  0.0000000e+000  0.0000000e+000
  2.5913300e-001  0.0000000e+000  0.0000000e+000
  2.6517800e-001  0.0000000e+000  0.0000000e+000
  2.7122300e-001  0.0000000e+000  0.0000000e+000
  2.7726800e-001  0.0000000e+000  0.0000000e+000
  2.8331200e-001  0.0000000e+000  0.0000000e+000
  2.8935700e-001  0.0000000e+000  0.0000000e+000
  2.9540200e-001  0.0000000e+000  0.0000000e+000
  3.0144700e-001  0.0000000e+000  0.0000000e+000
  3.0749100e-001  0.0000000e+000  0.0000000e+000
  3.1353600e-001  0.0000000e+000  0.0000000e+000
  3.1958100e-001  0.0000000e+000  0.0000000e+000
  3.2562600e-001  0.0000000e+000  0.0000000e+000
  3.3167100e-001  0.0000000e+000  0.0000000e+000
  3.3771500e-001  0.0000000e+000  0.0000000e+000
  3.4376000e-001  0.0000000e+000  0.0000000e+000
  3.4980500e-001  0.0000000e+000  0.0000000e+000
  3.5585000e-001  0.0000000e+000  0.0000000e+000
  3.6189400e-001  0.0000000e+000  0.0000000e+000
  3.6793900e-001 -2.4840000e-003  7.1790151e-003
  3.7398400e-001  1.5390000e-003  6.2030994e-003
  3.8002900e-001  4.2500000e-004  3.9874459e-003
  3.8607400e-001  1.4690000e-003  5.5823671e-003
  3.9211800e-001  4.8800000e-004  5.2621049e-003
  3.9816300e-001  9.4800000e-004  6.2639169e-003
  4.0420800e-001  2.1130000e-003  3.9451039e-003
  4.1025300e-001  2.8510000e-003  4.9108241e-003
  4.1629700e-001  1.8100000e-003  2.3129343e-003
  4.2234200e-001  2.6390000e-003  1.6036064e-003
  4.2838700e-001 -2.0700000e-004  1.9028346e-003
  4.3443200e-001  2.2300000e-003  1.0953278e-003
  4.4047700e-001 -2.0990000e-003  2.9340425e-003
  4.4652100e-001 -4.8100000e-004  2.8669683e-003
  4.5256600e-001 -5.1100000e-004  2.5466545e-003
  4.5861100e-001  7.2900000e-004  2.6206260e-003
  4.6465600e-001  2.7350000e-003  2.4236106e-003
  4.7070000e-001  2.1050000e-003  1.7270202e-003
  4.7674500e-001  2.2630000e-003  2.2256731e-003
  4.8279000e-001  2.9830000e-003  1.8182049e-003
  4.8883500e-001  3.9020000e-003  8.7981850e-004
  4.9488000e-001  9.9400000e-004  3.6243982e-003
  5.0092400e-001  1.2880000e-003  2.3034737e-003
  5.0696900e-001  2.0090000e-003  3.1570160e-003
  5.1301400e-001  2.1360000e-003  2.0343445e-003
  5.1905900e-001  1.3870000e-003  4.3985093e-003
  5.2510300e-001  1.7390000e-003  3.3891915e-003
  5.3114800e-001  2.7180000e-003  3.6224328e-003
  5.3719300e-001  3.0870000e-003  2.6772929e-003
  5.4323800e-001  3.1930000e-003  2.1834017e-003
  5.4928300e-001  2.6030000e-003  2.4302298e-003
  5.5532700e-001  6.3400000e-004  1.5996322e-003
  5.6137200e-001  9.2700000e-004  3.2056973e-003
  5.6741700e-001 -1.0830000e-003  4.6966708e-003
  5.7346200e-001  5.1000000e-004  3.9343351e-003
  5.7950600e-001 -8.4000000e-005  4.0631213e-003
  5.8555100e-001  1.3000000e-003  2.8515992e-003
  5.9159600e-001  1.0730000e-003  4.7942246e-003
  5.9764100e-001  2.6170000e-003  3.1803762e-003
  6.0368600e-001  2.7380000e-003  3.4746420e-003
  6.0973000e-001  2.8140000e-003  3.1034370e-003
  6.1577500e-001  1.8230000e-003  3.5800703e-003
  6.2182000e-001  1.3020000e-003  3.4966201e-003
  6.2786500e-001  2.3840000e-003  3.6159388e-003
  6.3390900e-001  1.5660000e-003  3.1523818e-003
  6.3995400e-001  1.7710000e-003  2.6405263e-003
  6.4599900e-001  2.5940000e-003  3.6071356e-003
  6.5204400e-001  1.2540000e-003  2.2771180e-003
  6.5808900e-001  2.4890000e-003  3.8600372e-003
  6.6413300e-001  1.2610000e-003  3.7361912e-003
  6.7017800e-001  1.2420000e-003  3.7579925e-003
  6.7622300e-001  1.4390000e-003  4.0450533e-003
  6.8226800e-001  9.1400000e-004  4.5415613e-003
  6.8831200e-001  1.7990000e-003  4.0588192e-003
  6.9435700e-001  2.1760000e-003  3.9627630e-003
  7.0040200e-001  1.6140000e-003  4.3978839e-003
  7.0644700e-001  2.2710000e-003  3.6347567e-003
  7.1249200e-001  2.5900000e-003  3.1870938e-003
  7.1853600e-001  2.0440000e-003  3.1373821e-003
  7.2458100e-001  2.9090000e-003  3.4534308e-003
  7.3062600e-001  3.1050000e-003  3.2974811e-003
  7.3667100e-001  2.6980000e-003  4.1142236e-003
  7.4271500e-001  2.0440000e-003  4.6323821e-003
  7.4876000e-001  3.6500000e-003  3.7101823e-003
  7.5480500e-001  2.7760000e-003  4.0370395e-003
  7.6085000e-001  3.6480000e-003  4.4331614e-003
  7.6689500e-001  4.2610000e-003  3.0785740e-003
  7.7293900e-001  4.0140000e-003  3.6799901e-003
  7.7898400e-001  4.0690000e-003  3.1275655e-003
  7.8502900e-001  4.5220000e-003  2.4613043e-003
  7.9107400e-001  4.4260000e-003  3.4413000e-003
  7.9711800e-001  3.6440000e-003  2.6331196e-003
  8.0316300e-001  3.3590000e-003  3.6871382e-003
  8.0920800e-001  2.3520000e-003  3.6206041e-003
  8.1525300e-001  2.8640000e-003  3.1679601e-003
  8.2129800e-001  2.4340000e-003  3.0444619e-003
  8.2734200e-001  1.6740000e-003  2.9095116e-003
  8.3338700e-001  1.5200000e-003  3.3119006e-003
  8.3943200e-001  1.4360000e-003  3.1250219e-003
  8.4547700e-001  1.2560000e-003  5.5461389e-003
  8.5152100e-001  7.8400000e-004  4.3902014e-003
  8.5756600e-001  1.7010000e-003  4.6187940e-003
  8.6361100e-001  8.3600000e-004  4.1547453e-003
  8.6965600e-001  2.2390000e-003  3.5684220e-003
  8.7570100e-001  9.0500000e-004  2.5744671e-003
  8.8174500e-001 -2.3000000e-005  3.6077594e-003
  8.8779000e-001  1.1830000e-003  2.1393753e-003
  8.9383500e-001  1.3210000e-003  3.4238189e-003
  8.9988000e-001  7.1200000e-004  2.5804482e-003
  9.0592400e-001  2.2370000e-003  2.3794011e-003
  9.1196900e-001  3.3280000e-003  1.3398139e-003
  9.1801400e-001  2.2820000e-003  1.7818718e-003
  9.2405900e-001  2.9380000e-003  1.6497342e-003
  9.3010300e-001  1.8670000e-003  2.0115305e-003
  9.3614800e-001  1.7790000e-003  1.6966100e-003
  9.4219300e-001  1.8120000e-003  2.5989552e-003
  9.4823800e-001  1.5650000e-003  2.7023713e-003
  9.5428300e-001  1.5730000e-003  2.8054550e-003
  9.6032700e-001  1.9300000e-003  3.2341896e-003
  9.6637200e-001  2.4160000e-003  3.3802736e-003
  9.7241700e-001  2.6960000e-003  4.0392026e-003
  9.7846200e-001  3.3740000e-003  2.8272951e-003
  9.8450600e-001  2.9350000e-003  3.6187028e-003
  9.9055100e-001  2.3340000e-003  3.9544158e-003
  9.9659600e-001  2.6340000e-003  3.6625541e-003
  1.0026410e+000  2.4300000e-003  4.5364200e-003
  1.0086860e+000  2.5160000e-003  4.0453197e-003
  1.0147300e+000  3.3410000e-003  4.3329499e-003
  1.0207750e+000  2.0280000e-003  5.5312147e-003
  1.0268200e+000  1.7570000e-003  5.0043798e-003
  1.0328650e+000  2.2500000e-003  4.2825371e-003
  1.0389090e+000  1.9810000e-003  4.4677231e-003
  1.0449540e+000  1.6620000e-003  3.9373860e-003
  1.0509990e+000  2.2820000e-003  3.7758718e-003
  1.0570440e+000  1.9520000e-003  3.8474197e-003
  1.0630890e+000  2.1160000e-003  4.4151353e-003
  1.0691330e+000  2.3170000e-003  4.6062379e-003
  1.0751780e+000  2.3120000e-003  5.3301856e-003
  1.0812230e+000  2.3020000e-003  4.6500810e-003
  1.0872680e+000  1.5770000e-003  5.5314969e-003
  1.0933120e+000  2.5830000e-003  4.7520206e-003
  1.0993570e+000  8.1900000e-004  5.8125675e-003
  1.1054020e+000  3.4730000e-003  3.4443308e-003
  1.1114470e+000  2.5900000e-003  3.8160938e-003
  1.1174920e+000  2.9080000e-003  2.7184203e-003
  1.1235360e+000  1.9850000e-003  4.1537649e-003
  1.1295810e+000  3.9300000e-004  4.0781111e-003
  1.1356260e+000  1.8990000e-003  3.6068653e-003
  1.1416710e+000  6.0100000e-004  4.7232870e-003
  1.1477150e+000  1.9210000e-003  3.7960954e-003
  1.1537600e+000 -1.7500000e-004  4.7501693e-003
  1.1598050e+000  4.6000000e-004  4.6658120e-003
  1.1658500e+000  8.7700000e-004  4.6521742e-003
  1.1718950e+000  1.4230000e-003  4.9908859e-003
  1.1779390e+000  1.2170000e-003  3.9437309e-003
  1.1839840e+000  4.7800000e-004  4.0610003e-003
  1.1900290e+000  1.1200000e-004  4.0841716e-003
  1.1960740e+000  1.5600000e-004  4.6246319e-003
  1.2021180e+000 -1.0700000e-004  4.7438807e-003
  1.2081630e+000 -2.2100000e-004  5.1036881e-003
  1.2142080e+000  5.3500000e-004  5.0355966e-003
  1.2202530e+000  6.2000000e-005  5.5256486e-003
  1.2262980e+000  4.4000000e-004  5.3016028e-003
  1.2323420e+000  4.4400000e-004  4.8326446e-003
  1.2383870e+000  9.5200000e-004  5.3389588e-003
  1.2444320e+000  3.5800000e-004  5.1037450e-003
  1.2504770e+000 -4.6500000e-004  5.4961357e-003
  1.2565210e+000  3.6600000e-004  4.9928287e-003
  1.2625660e+000 -5.7300000e-004  4.6280059e-003
  1.2686110e+000 -1.2800000e-003  5.6106100e-003
  1.2746560e+000 -4.8100000e-004  5.2559683e-003
  1.2807010e+000 -3.6200000e-004  5.6022131e-003
  1.2867450e+000 -7.2500000e-004  5.4544158e-003
  1.2927900e+000  5.9000000e-005  4.9426172e-003
  1.2988350e+000  2.2500000e-004  4.9813537e-003
  1.3048800e+000  4.7600000e-004  5.1099794e-003
  1.3109240e+000  3.2900000e-004  4.5054416e-003
  1.3169690e+000  2.8700000e-004  4.8300023e-003
  1.3230140e+000 -8.1000000e-005  4.7131527e-003
  1.3290590e+000 -9.3400000e-004  4.7532295e-003
  1.3351040e+000  2.1200000e-004  3.5752177e-003
  1.3411480e+000  4.0100000e-004  4.7491948e-003
  1.3471930e+000  4.0800000e-004  4.0182681e-003
  1.3532380e+000 -2.0410000e-003  5.3576493e-003
  1.3592830e+000 -1.9810000e-003  4.1972769e-003
  1.3653270e+000 -2.1810000e-003  4.4331847e-003
  1.3713720e+000 -2.6050000e-003  4.5687493e-003
  1.3774170e+000 -2.8770000e-003  4.3889039e-003
  1.3834620e+000 -3.3710000e-003  4.7307362e-003
  1.3895070e+000 -2.9160000e-003  4.5324960e-003
  1.3955510e+000 -3.2220000e-003  4.2782949e-003
  1.4015960e+000 -3.1500000e-003  4.4940481e-003
  1.4076410e+000 -3.5200000e-003  5.9081776e-003
  1.4136860e+000 -3.7800000e-003  5.6224577e-003
  1.4197300e+000 -3.9900000e-003  5.5052609e-003
  1.4257750e+000 -4.0470000e-003  5.7016647e-003
  1.4318200e+000 -2.5580000e-003  4.9862410e-003
  1.4378650e+000 -2.7360000e-003  6.0073789e-003
  1.4439100e+000 -2.9810000e-003  5.8348160e-003
  1.4499540e+000 -4.1770000e-003  5.8563047e-003
  1.4559990e+000 -5.0720000e-003  6.3779422e-003
  1.4620440e+000 -6.1430000e-003  6.4127386e-003
  1.4680890e+000 -5.1380000e-003  5.8872518e-003
  1.4741330e+000 -6.3420000e-003  4.7606569e-003
  1.4801780e+000 -6.1190000e-003  5.2169896e-003
  1.4862230e+000 -7.5700000e-003  6.6738109e-003
  1.4922680e+000 -6.6610000e-003  6.3483198e-003
  1.4983130e+000 -7.3860000e-003  5.8647357e-003
  1.5043570e+000 -6.7790000e-003  5.6270854e-003
  1.5104020e+000 -6.6160000e-003  5.8847906e-003
  1.5164470e+000 -7.4900000e-003  6.6486477e-003
  1.5224920e+000 -7.4280000e-003  6.8412963e-003
  1.5285360e+000 -7.7230000e-003  4.9152103e-003
  1.5345810e+000 -8.1430000e-003  6.3068167e-003
  1.5406260e+000 -9.1270000e-003  6.8095232e-003
  1.5466710e+000 -1.0344000e-002  6.3947923e-003
  1.5527160e+000 -1.0968000e-002  6.6012647e-003
  1.5587600e+000 -1.2090000e-002  7.9355275e-003
  1.5648050e+000 -1.2205000e-002  7.1273245e-003
  1.5708500e+000 -1.3820000e-002  7.0924301e-003
  1.5768950e+000 -1.3234000e-002  6.8595602e-003
  1.5829390e+000 -1.5168000e-002  7.7603288e-003
  1.5889840e+000 -1.4086000e-002  6.4106475e-003
  1.5950290e+000 -1.5039000e-002  7.1306783e-003
  1.6010740e+000 -1.5139000e-002  6.9666322e-003
  1.6071180e+000 -1.4477000e-002  6.9215573e-003
  1.6131630e+000 -1.4166000e-002  7.3198106e-003
  1.6192080e+000 -1.5315000e-002  8.6157910e-003
  1.6252530e+000 -1.4821000e-002  6.9079587e-003
  1.6312980e+000 -1.6893000e-002  8.0832837e-003
  1.6373420e+000 -1.7323000e-002  7.0267855e-003
  1.6433870e+000 -1.8874000e-002  7.3775606e-003
  1.6494320e+000 -2.1018000e-002  1.0020132e-002
  1.6554770e+000 -2.1240000e-002  9.0538101e-003
  1.6615210e+000 -2.2031000e-002  9.5855355e-003
  1.6675660e+000 -2.2282000e-002  9.9969098e-003
  1.6736110e+000 -2.2980000e-002  9.0516081e-003
  1.6796560e+000 -2.3520000e-002  1.0293959e-002
  1.6857010e+000 -2.3728000e-002  9.1447833e-003
  1.6917450e+000 -2.3721000e-002  1.0243857e-002
  1.6977900e+000 -2.4429000e-002  8.6054502e-003
  1.7038350e+000 -2.2627000e-002  7.8483008e-003
  1.7098800e+000 -2.2621000e-002  6.0173636e-003
  1.7159240e+000 -2.2620000e-002  4.3553740e-003
  1.7219690e+000 -2.3662000e-002  4.1024738e-003
  1.7280140e+000 -2.3607000e-002  4.7350491e-003
  1.7340590e+000 -2.5027000e-002  5.8251946e-003
  1.7401040e+000 -2.5042000e-002  6.3590377e-003
  1.7461480e+000 -2.5640000e-002  7.3657821e-003
  1.7521930e+000 -2.7061000e-002  7.6349171e-003
  1.7582380e+000 -2.8793000e-002  8.5747988e-003
  1.7642830e+000 -2.7888000e-002  7.1402659e-003
  1.7703270e+000 -2.7839000e-002  5.8727785e-003
  1.7763720e+000 -2.7801000e-002  6.3661760e-003
  1.7824170e+000 -2.6650000e-002  5.8962165e-003
  1.7884620e+000 -2.8326000e-002  5.2296840e-003
  1.7945070e+000 -2.7359000e-002  4.2337998e-003
  1.8005510e+000 -2.8349000e-002  4.6444434e-003
  1.8065960e+000 -2.6436000e-002  3.9854552e-003
  1.8126410e+000 -2.5768000e-002  3.0224431e-003
  1.8186860e+000 -2.5616000e-002  3.4300331e-003
  1.8247300e+000 -2.5874000e-002  4.3103342e-003
  1.8307750e+000 -2.6777000e-002  3.8578880e-003
  1.8368200e+000 -2.5401000e-002  4.0292822e-003
  1.8428650e+000 -2.6171000e-002  3.4622273e-003
  1.8489100e+000 -2.4046000e-002  1.9744568e-003
  1.8549540e+000 -2.4483000e-002  2.7148854e-003
  1.8609990e+000 -2.2875000e-002  1.3737065e-003
  1.8670440e+000 -2.4179000e-002  1.2190655e-003
  1.8730890e+000 -2.3624000e-002  1.2608713e-003
  1.8791330e+000 -2.2920000e-002  6.0823577e-004
  1.8851780e+000 -2.3258000e-002  2.1197000e-003
  1.8912230e+000 -2.0873000e-002  7.9064927e-004
  1.8972680e+000 -2.1509000e-002  1.7479961e-003
  1.9033130e+000 -1.9215000e-002  4.2999347e-004
  1.9093570e+000 -2.0591000e-002  1.7795992e-003
  1.9154020e+000 -1.9687000e-002  1.0910559e-003
  1.9214470e+000 -1.9500000e-002  2.1200121e-003
  1.9274920e+000 -1.7588000e-002  9.1701338e-004
  1.9335360e+000 -1.6122000e-002 -2.5865091e-004
  1.9395810e+000 -1.4984000e-002 -1.3277464e-003
  1.9456260e+000 -1.2225000e-002 -2.2838847e-003
  1.9516710e+000 -1.3162000e-002 -2.1256866e-003
  1.9577160e+000 -1.1828000e-002 -2.0727317e-003
  1.9637600e+000 -1.2207000e-002 -2.7276964e-003
  1.9698050e+000 -9.6810000e-003 -2.8672721e-003
  1.9758500e+000 -8.7790000e-003 -3.3668364e-003
  1.9818950e+000 -7.5230000e-003 -2.5486975e-003
  1.9879390e+000 -6.7010000e-003 -4.1920986e-003
  1.9939840e+000 -5.5390000e-003 -2.0879430e-003
  2.0000290e+000 -4.6190000e-003 -3.7013190e-003
  2.0060740e+000 -3.0530000e-003 -3.5289372e-003
  2.0121190e+000 -1.8690000e-003 -3.2935515e-003
  2.0181630e+000 -3.7200000e-004 -4.5898915e-003
  2.0242080e+000  2.1690000e-003 -5.0963103e-003
  2.0302530e+000  3.2270000e-003 -5.7942426e-003
  2.0362980e+000  3.5440000e-003 -4.0389265e-003
  2.0423420e+000  5.8150000e-003 -5.9641698e-003
  2.0483870e+000  5.0980000e-003 -5.2076702e-003
  2.0544320e+000  6.8290000e-003 -4.2505624e-003
  2.0604770e+000  7.4580000e-003 -5.8429825e-003
  2.0665220e+000  9.3340000e-003 -5.7133578e-003
  2.0725660e+000  9.4020000e-003 -6.5486465e-003
  2.0786110e+000  7.9330000e-003 -3.9350135e-003
  2.0846560e+000  8.2030000e-003 -4.7471891e-003
  2.0907010e+000  9.7590000e-003 -4.6619119e-003
  2.0967450e+000  1.1027000e-002 -4.9056475e-003
  2.1027900e+000  1.1594000e-002 -4.9147161e-003
  2.1088350e+000  1.2265000e-002 -2.6186968e-003
  2.1148800e+000  1.4073000e-002 -4.1017835e-003
  2.1209250e+000  1.5028000e-002 -4.6767933e-003
  2.1269690e+000  1.4996000e-002 -3.0841281e-003
  2.1330140e+000  1.4816000e-002 -3.7440110e-003
  2.1390590e+000  1.5651000e-002 -3.6312762e-003
  2.1451040e+000  1.7660000e-002 -4.9812602e-003
  2.1511480e+000  1.8509000e-002 -5.0413789e-003
  2.1571930e+000  1.9644000e-002 -5.1675057e-003
  2.1632380e+000  1.8394000e-002 -4.4095819e-003
  2.1692830e+000  1.7920000e-002 -4.9845404e-003
  2.1753280e+000  1.7759000e-002 -4.7802246e-003
  2.1813720e+000  1.8713000e-002 -5.7172448e-003
  2.1874170e+000  1.9075000e-002 -6.1684580e-003
  2.1934620e+000  1.9538000e-002 -6.5106146e-003
  2.1995070e+000  1.9378000e-002 -6.4102883e-003
  2.2055510e+000  2.1454000e-002 -5.5945715e-003
  2.2115960e+000  2.1132000e-002 -4.5169399e-003
  2.2176410e+000  2.2815000e-002 -5.6553342e-003
  2.2236860e+000  2.3228000e-002 -4.9730138e-003
  2.2297310e+000  2.1443000e-002 -3.7366865e-003
  2.2357750e+000  2.2822000e-002 -5.4912609e-003
  2.2418200e+000  2.2477000e-002 -6.1178700e-003
  2.2478650e+000  2.3214000e-002 -6.8551603e-003
  2.2539100e+000  2.2692000e-002 -6.0736209e-003
  2.2599540e+000  2.2610000e-002 -5.4764787e-003
  2.2659990e+000  2.3547000e-002 -5.8556768e-003
  2.2720440e+000  2.2554000e-002 -4.6730645e-003
  2.2780890e+000  2.2561000e-002 -4.2229912e-003
  2.2841340e+000  2.2507000e-002 -3.7695561e-003
  2.2901780e+000  2.2463000e-002 -4.2590164e-003
  2.2962230e+000  2.1860000e-002 -3.7823243e-003
  2.3022680e+000  2.2278000e-002 -4.2179517e-003
  2.3083130e+000  2.1817000e-002 -3.1257742e-003
  2.3143570e+000  2.2471000e-002 -2.9269327e-003
  2.3204020e+000  2.2162000e-002 -2.8891651e-003
  2.3264470e+000  2.3179000e-002 -2.7485264e-003
  2.3324920e+000  2.3629000e-002 -3.2418190e-003
  2.3385360e+000  2.2926000e-002 -3.7841730e-003
  2.3445810e+000  2.2876000e-002 -3.7366960e-003
  2.3506260e+000  2.2856000e-002 -3.7489053e-003
  2.3566710e+000  2.3039000e-002 -3.5669909e-003
  2.3627160e+000  2.2833000e-002 -3.2241459e-003
  2.3687600e+000  2.3159000e-002 -2.4997356e-003
  2.3748050e+000  2.3504000e-002 -3.8251266e-003
  2.3808500e+000  2.1712000e-002 -2.9068726e-003
  2.3868950e+000  2.1407000e-002 -3.4210631e-003
  2.3929390e+000  1.9861000e-002 -2.5372357e-003
  2.3989840e+000  1.9866000e-002 -2.3231834e-003
  2.4050290e+000  2.0347000e-002 -1.3821517e-003
  2.4110740e+000  1.9908000e-002 -7.8374405e-004
  2.4171190e+000  2.0205000e-002 -1.6336372e-003
  2.4231630e+000  1.9627000e-002 -1.6086836e-003
  2.4292080e+000  1.8882000e-002 -1.2014770e-003
  2.4352530e+000  1.8580000e-002 -1.3776362e-003
  2.4412980e+000  1.7828000e-002 -8.4350276e-004
  2.4473420e+000  1.7544000e-002 -6.0947366e-004
  2.4533870e+000  1.7990000e-002 -1.7658081e-003
  2.4594320e+000  1.8328000e-002 -2.5502723e-003
  2.4654770e+000  1.7246000e-002 -2.6915910e-003
  2.4715220e+000  1.7499000e-002 -1.6239444e-003
  2.4775660e+000  1.6286000e-002 -7.4563350e-004
  2.4836110e+000  1.6592000e-002 -9.2643246e-004
  2.4896560e+000  1.6171000e-002 -1.0558365e-003
  2.4957010e+000  1.5928000e-002 -1.5323785e-003
  2.5017450e+000  1.6799000e-002 -2.4742670e-003
  2.5077900e+000  1.5494000e-002 -1.9619185e-003
  2.5138350e+000  1.6467000e-002 -2.5187401e-003
  2.5198800e+000  1.5405000e-002 -8.3484956e-004
  2.5259250e+000  1.6449000e-002 -1.8939284e-003
  2.5319690e+000  1.6243000e-002 -1.5850833e-003
  2.5380140e+000  1.5905000e-002 -1.9186191e-003
  2.5440590e+000  1.4854000e-002 -2.7556135e-003
  2.5501040e+000  1.5637000e-002 -3.3814226e-003
  2.5561480e+000  1.4155000e-002 -1.6819257e-003
  2.5621930e+000  1.4142000e-002 -1.5310617e-003
  2.5682380e+000  1.2919000e-002 -1.1038554e-003
  2.5742830e+000  1.3244000e-002 -8.9345561e-004
  2.5803280e+000  1.3038000e-002 -8.0061056e-004
  2.5863720e+000  1.2508000e-002 -7.0615484e-004
  2.5924170e+000  1.1803000e-002 -8.0252979e-004
  2.5984620e+000  1.1719000e-002 -1.0044085e-003
  2.6045070e+000  1.1779000e-002 -2.5078085e-004
  2.6105510e+000  1.1121000e-002 -9.6664136e-005
  2.6165960e+000  1.1357000e-002  1.9280464e-004
  2.6226410e+000  1.0866000e-002  1.1066833e-004
  2.6286860e+000  9.8280000e-003  3.8580990e-004
  2.6347310e+000  1.0032000e-002 -4.7505607e-004
  2.6407750e+000  9.8810000e-003 -5.1463567e-004
  2.6468200e+000  9.2460000e-003 -9.3627836e-004
  2.6528650e+000  8.9100000e-003 -4.5279322e-004
  2.6589100e+000  9.1520000e-003 -3.7126168e-004
  2.6649540e+000  7.7510000e-003  7.5008257e-004
  2.6709990e+000  7.5420000e-003  3.7089624e-004
  2.6770440e+000  6.8210000e-003  6.7335392e-004
  2.6830890e+000  6.4360000e-003  3.8532647e-004
  2.6891340e+000  6.2480000e-003  5.7935981e-004
  2.6951780e+000  5.4770000e-003 -2.1570555e-004
  2.7012230e+000  4.9370000e-003 -4.0935445e-004
  2.7072680e+000  4.2720000e-003 -2.6631096e-004
  2.7133130e+000  4.5460000e-003 -1.3864447e-003
  2.7193570e+000  4.1040000e-003 -1.2940684e-003
  2.7254020e+000  3.2300000e-003 -1.9152112e-003
  2.7314470e+000  2.5810000e-003 -1.0480004e-003
  2.7374920e+000  1.4520000e-003 -7.4581075e-004
  2.7435370e+000  6.7600000e-004 -1.0239284e-003
  2.7495810e+000  7.8000000e-004 -4.1584048e-004
  2.7556260e+000  8.3100000e-004 -8.8306977e-005
  2.7616710e+000  1.6500000e-004 -6.1827395e-004
  2.7677160e+000  4.0900000e-004  4.8927852e-004
  2.7737600e+000  3.2600000e-004 -1.5758974e-004
  2.7798050e+000  2.8200000e-004  3.5994998e-004
  2.7858500e+000 -1.0470000e-003  5.4304742e-004
  2.7918950e+000 -1.2990000e-003  4.8141127e-004
  2.7979400e+000 -3.2450000e-003  5.9005432e-004
  2.8039840e+000 -3.2660000e-003  7.3283464e-004
  2.8100290e+000 -4.5010000e-003  8.5291541e-004
  2.8160740e+000 -5.6810000e-003  1.6895715e-003
  2.8221190e+000 -6.3190000e-003  1.6658975e-003
  2.8281630e+000 -7.7070000e-003  1.5613777e-003
  2.8342080e+000 -7.9250000e-003  1.8690972e-003
  2.8402530e+000 -7.5290000e-003  1.0272398e-003
  2.8462980e+000 -7.9140000e-003  1.6452123e-003
  2.8523430e+000 -7.7880000e-003  8.1053037e-004
  2.8583870e+000 -7.9730000e-003  4.5459510e-004
  2.8644320e+000 -7.4090000e-003  1.0834951e-003
  2.8704770e+000 -8.1490000e-003  7.1375398e-004
  2.8765220e+000 -8.6360000e-003  5.9065952e-004
  2.8825660e+000 -8.7490000e-003  1.3847743e-004
  2.8886110e+000 -1.0350000e-002  1.2872950e-004
  2.8946560e+000 -1.0789000e-002  1.3513716e-004
  2.9007010e+000 -1.1109000e-002 -6.4721033e-004
  2.9067460e+000 -1.0898000e-002  4.5499692e-004
  2.9127900e+000 -1.1206000e-002  6.1977496e-004
  2.9188350e+000 -1.0987000e-002 -8.1934102e-005
  2.9248800e+000 -1.2207000e-002 -2.5696421e-005
  2.9309250e+000 -1.2478000e-002 -5.4653133e-004
  2.9369690e+000 -1.2673000e-002 -8.7557121e-004
  2.9430140e+000 -1.2800000e-002 -4.2689975e-004
  2.9490590e+000 -1.3587000e-002 -6.2313249e-004
  2.9551040e+000 -1.4262000e-002 -5.6193607e-005
  2.9611490e+000 -1.4268000e-002 -4.1025637e-004
  2.9671930e+000 -1.4872000e-002 -2.8957477e-004
  2.9732380e+000 -1.4986000e-002 -8.1767311e-005
  2.9792830e+000 -1.4914000e-002 -1.8801412e-004
  2.9853280e+000 -1.4486000e-002 -2.1153685e-004
  2.9913720e+000 -1.5050000e-002 -4.7436810e-005
  2.9974170e+000 -1.5322000e-002  1.9371782e-004
  3.0034620e+000 -1.4481000e-002  1.5351545e-004
  3.0095070e+000 -1.5391000e-002  7.5996017e-005
  3.0155510e+000 -1.5119000e-002  1.4438414e-003
  3.0215960e+000 -1.5299000e-002  1.6119584e-003
  3.0276410e+000 -1.4620000e-002  5.1606138e-004
  3.0336860e+000 -1.5155000e-002  1.6154648e-003
  3.0397310e+000 -1.5477000e-002  1.7400964e-003
  3.0457750e+000 -1.5371000e-002  1.8922052e-003
  3.0518200e+000 -1.5790000e-002  1.3428221e-003
  3.0578650e+000 -1.5481000e-002  1.9830545e-003
  3.0639100e+000 -1.5418000e-002  1.0717136e-003
  3.0699540e+000 -1.4732000e-002  9.8188976e-004
  3.0759990e+000 -1.4927000e-002  7.3984988e-004
  3.0820440e+000 -1.3616000e-002  5.0256415e-004
  3.0880890e+000 -1.3295000e-002 -2.9807790e-004
  3.0941340e+000 -1.3300000e-002 -4.1013020e-004
  3.1001780e+000 -1.2510000e-002 -5.0186608e-004
  3.1062230e+000 -1.2194000e-002 -6.3656043e-004
  3.1122680e+000 -1.2973000e-002 -2.4770948e-004
  3.1183130e+000 -1.3239000e-002  1.1650791e-004
  3.1243570e+000 -1.2874000e-002  2.7232615e-004
  3.1304020e+000 -1.2733000e-002  6.1780114e-004
  3.1364470e+000 -1.2168000e-002  8.8171155e-004
  3.1424920e+000 -1.2074000e-002  7.0369488e-004
  3.1485370e+000 -1.1672000e-002  1.0099002e-003
  3.1545810e+000 -1.1373000e-002  7.5002798e-004
  3.1606260e+000 -1.0857000e-002  1.0942582e-004
  3.1666710e+000 -1.0687000e-002  6.7720417e-004
  3.1727160e+000 -1.0426000e-002  2.6793447e-004
  3.1787600e+000 -9.1330000e-003 -7.3753956e-004
  3.1848050e+000 -9.9410000e-003  4.3300802e-004
  3.1908500e+000 -9.5260000e-003 -1.5265070e-004
  3.1968950e+000 -1.0382000e-002  7.6939475e-004
  3.2029400e+000 -9.7150000e-003  1.2023722e-003
  3.2089840e+000 -9.2680000e-003  5.1004822e-004
  3.2150290e+000 -7.4400000e-003 -6.2382923e-004
  3.2210740e+000 -7.8380000e-003 -4.5599267e-004
  3.2271190e+000 -7.4510000e-003 -5.8394430e-004
  3.2331630e+000 -7.1010000e-003 -2.9928298e-004
  3.2392080e+000 -6.8420000e-003 -6.3457360e-004
  3.2452530e+000 -6.0340000e-003 -7.7712118e-004
  3.2512980e+000 -6.2060000e-003 -7.6192045e-004
  3.2573430e+000 -6.0930000e-003 -4.2673837e-004
  3.2633870e+000 -6.1800000e-003 -2.4264847e-004
  3.2694320e+000 -6.0850000e-003 -4.7654684e-005
  3.2754770e+000 -5.2550000e-003  1.2202788e-004
  3.2815220e+000 -5.2420000e-003  3.5516387e-004
  3.2875660e+000 -4.4870000e-003  4.2006186e-004
  3.2936110e+000 -4.1440000e-003 -1.8435004e-004
  3.2996560e+000 -3.9480000e-003 -2.6029970e-004
  3.3057010e+000 -3.7040000e-003 -5.3674724e-004
  3.3117460e+000 -3.7320000e-003 -1.9304014e-004
  3.3177900e+000 -3.8960000e-003 -2.7875573e-004
  3.3238350e+000 -3.9350000e-003  3.3483629e-004
  3.3298800e+000 -3.2070000e-003  5.6345184e-004
  3.3359250e+000 -3.5720000e-003  1.1766336e-003
  3.3419690e+000 -2.6550000e-003  7.3722626e-004
  3.3480140e+000 -2.3040000e-003  6.5989805e-004
  3.3540590e+000 -1.7640000e-003  3.3154694e-004
  3.3601040e+000 -1.0720000e-003  9.2785896e-005
  3.3661490e+000 -1.3390000e-003 -7.5007169e-005
  3.3721930e+000 -9.7000000e-004 -4.6314709e-004
  3.3782380e+000 -1.0030000e-003 -3.0749230e-004
  3.3842830e+000 -4.8200000e-004 -4.6004216e-004
  3.3903280e+000 -8.0700000e-004 -3.0844196e-004
  3.3963720e+000 -9.2200000e-004 -4.7164497e-004
  3.4024170e+000 -1.2780000e-003 -1.4236905e-004
  3.4084620e+000 -2.4400000e-004  7.0447536e-005
  3.4145070e+000 -1.6900000e-004 -1.0676790e-004
  3.4205520e+000  3.2000000e-005 -1.5666525e-004
  3.4265960e+000  4.0800000e-004 -1.1607319e-003
  3.4326410e+000  4.0000000e-004 -8.1681563e-004
  3.4386860e+000  7.6900000e-004 -6.3995555e-004
  3.4447310e+000  7.9500000e-004  7.9316429e-005
  3.4507750e+000  6.6700000e-004  6.6977432e-005
  3.4568200e+000  9.5700000e-004 -2.5798890e-004
  3.4628650e+000  4.3400000e-004 -2.7045996e-004
  3.4689100e+000  1.0900000e-004  9.1140240e-005
  3.4749550e+000  4.4600000e-004 -5.1433443e-004
  3.4809990e+000  5.9500000e-004  1.9022425e-004
  3.4870440e+000  3.1000000e-005  1.4832429e-004
  3.4930890e+000  1.0210000e-003 -1.3731940e-004
  3.4991340e+000  4.2300000e-004  3.8424968e-005
  3.5051780e+000  3.3600000e-004 -3.9048513e-004
  3.5112230e+000  4.7500000e-004 -2.7403106e-004
  3.5172680e+000  1.2460000e-003 -4.9896570e-004
  3.5233130e+000  7.6800000e-004 -1.6596602e-004
  3.5293580e+000  1.2030000e-003  4.8584484e-005
  3.5354020e+000  1.3290000e-003  2.1790256e-004
  3.5414470e+000  1.3880000e-003  1.2451975e-004
  3.5474920e+000  9.3700000e-004 -1.4719812e-004
  3.5535370e+000  1.0470000e-003 -5.3004742e-004
  3.5595810e+000  1.1980000e-003  1.5753218e-004
  3.5656260e+000  1.7580000e-003  3.3239029e-004
  3.5716710e+000  2.2660000e-003  1.0070444e-004
  3.5777160e+000  2.1750000e-003 -1.4224750e-004
  3.5837610e+000  2.0170000e-003 -5.6900329e-005
  3.5898050e+000  2.3990000e-003 -1.9690426e-004
  3.5958500e+000  2.3360000e-003 -3.5956330e-004
  3.6018950e+000  2.4380000e-003 -4.3249628e-004
  3.6079400e+000  2.3420000e-003 -6.9850053e-004
  3.6139840e+000  2.6460000e-003 -6.0432041e-004
  3.6200290e+000  2.4580000e-003 -2.7428706e-004
  3.6260740e+000  2.5970000e-003 -7.3883300e-004
  3.6321190e+000  2.7800000e-003 -5.2391865e-004
  3.6381640e+000  2.6530000e-003 -4.3724719e-004
  3.6442080e+000  2.2190000e-003 -1.1178722e-004
  3.6502530e+000  2.1980000e-003  8.9993097e-005
  3.6562980e+000  1.9940000e-003  5.0859070e-005
  3.6623430e+000  2.6650000e-003 -2.3712165e-004
  3.6683870e+000  2.7390000e-003 -5.9334755e-004
  3.6744320e+000  2.9200000e-003 -6.2445412e-004
  3.6804770e+000  2.3360000e-003 -3.8156330e-004
  3.6865220e+000  2.4690000e-003 -3.5817199e-004
  3.6925670e+000  2.2100000e-003 -6.7388137e-004
  3.6986110e+000  2.1540000e-003 -2.5346718e-004
  3.7046560e+000  2.2590000e-003 -9.6368787e-005
  3.7107010e+000  2.1320000e-003  9.0302676e-005
  3.7167460e+000  2.2610000e-003  5.4865213e-004
  3.7227900e+000  2.6190000e-003  4.6039714e-004
  3.7288350e+000  2.9530000e-003  3.7289109e-004
  3.7348800e+000  3.3780000e-003  6.3533698e-004
  3.7409250e+000  3.3150000e-003  2.9467794e-004
  3.7469690e+000  3.1170000e-003 -3.0339332e-004
  3.7530140e+000  2.6440000e-003 -8.6341334e-005
  3.7590590e+000  2.3870000e-003  6.1197021e-004
  3.7651040e+000  1.8540000e-003  7.8239454e-004
  3.7711490e+000  2.1600000e-003  9.7859558e-004
  3.7771930e+000  2.2830000e-003  1.8688227e-004
  3.7832380e+000  1.9440000e-003  3.3133602e-004
  3.7892830e+000  2.4620000e-003  3.2575478e-004
  3.7953280e+000  2.9430000e-003  3.6378648e-004
  3.8013720e+000  2.6950000e-003  4.8119217e-004
  3.8074170e+000  2.5590000e-003  2.2776949e-004
  3.8134620e+000  2.3850000e-003  4.8194929e-004
  3.8195070e+000  2.2380000e-003  4.3541153e-004
  3.8255520e+000  2.3030000e-003  3.0091493e-005
  3.8315960e+000  2.0620000e-003  1.6057041e-004
  3.8376410e+000  2.0070000e-003  1.1499506e-004
  3.8436860e+000  1.8430000e-003  2.0427947e-004
  3.8497310e+000  1.7200000e-003  9.7599278e-004
  3.8557750e+000  1.6120000e-003  5.9986300e-004
  3.8618200e+000  1.3900000e-003  4.0554068e-004
  3.8678650e+000  1.9760000e-003  2.9067077e-004
  3.8739100e+000  2.4770000e-003  2.5591169e-004
  3.8799550e+000  2.1200000e-003  4.0917715e-004
  3.8859990e+000  2.4810000e-003  1.1895354e-004
  3.8920440e+000  2.6020000e-003 -6.8878069e-004
  3.8980890e+000  2.2120000e-003 -7.2186045e-004
  3.9041340e+000  2.0180000e-003 -5.0488987e-004
  3.9101780e+000  2.7760000e-003 -6.8796049e-004
  3.9162230e+000  2.5030000e-003 -7.9281632e-004
  3.9222680e+000  2.2810000e-003 -6.6413865e-004
  3.9283130e+000  3.0030000e-003 -7.9758586e-004
  3.9343580e+000  2.8820000e-003 -5.0285164e-004
  3.9404020e+000  3.1240000e-003 -5.8532009e-004
  3.9464470e+000  2.2820000e-003  5.8718139e-006
  3.9524920e+000  2.5340000e-003  4.4550797e-004
  3.9585370e+000  2.3600000e-003  1.7468777e-004
  3.9645810e+000  2.0750000e-003  6.0770640e-004
  3.9706260e+000  2.6670000e-003  2.2189927e-004
  3.9766710e+000  2.7960000e-003 -2.3175127e-004
  3.9827160e+000  2.4930000e-003 -1.1792093e-004
  3.9887610e+000  1.8620000e-003 -2.0752177e-004
  3.9948050e+000  1.4050000e-003 -7.1530241e-004
  4.0008500e+000  1.8400000e-003 -7.8575191e-004
  4.0068950e+000  1.8120000e-003 -1.1510448e-003
  4.0129400e+000  1.8930000e-003 -7.1819748e-004
  4.0189840e+000  1.7760000e-003 -1.0421410e-005
  4.0250290e+000  1.8620000e-003 -2.5552177e-004
  4.0310740e+000  2.2180000e-003 -3.3679768e-004
  4.0371190e+000  2.3610000e-003 -1.9030177e-004
  4.0431640e+000  2.4990000e-003 -1.2385817e-004
  4.0492080e+000  2.1250000e-003  3.5229450e-005
  4.0552530e+000  2.4410000e-003 -1.3746490e-004
  4.0612980e+000  2.6000000e-003  1.8619839e-004
  4.0673430e+000  2.0500000e-003  3.2444488e-004
  4.0733870e+000  1.7990000e-003  3.4481919e-004
  4.0794320e+000  1.6410000e-003  1.7916637e-004
  4.0854770e+000  1.8240000e-003 -5.9091929e-004
  4.0915220e+000  2.2280000e-003 -9.8069308e-004
  4.0975670e+000  2.0450000e-003 -5.5260742e-004
  4.1036110e+000  3.0340000e-003 -1.1172616e-003
  4.1096560e+000  2.9190000e-003 -1.0174646e-003
  4.1157010e+000  2.2450000e-003 -1.0925152e-003
  4.1217460e+000  1.7010000e-003 -4.8820598e-004
  4.1277900e+000  2.2730000e-003 -3.9622233e-004
  4.1338350e+000  2.0690000e-003 -3.3935636e-004
  4.1398800e+000  1.9790000e-003 -2.0929784e-004
  4.1459250e+000  2.1810000e-003 -8.3184739e-005
  4.1519700e+000  1.8920000e-003 -3.9820794e-004
  4.1580140e+000  1.4440000e-003 -3.2089444e-004
  4.1640590e+000  1.6800000e-003 -9.3742566e-004
  4.1701040e+000  1.4400000e-003 -7.5793628e-004
  4.1761490e+000  1.6850000e-003 -7.9837335e-004
  4.1821930e+000  1.4760000e-003 -3.7155969e-004
  4.1882380e+000  1.6540000e-003 -3.4669764e-004
  4.1942830e+000  2.1480000e-003 -2.2052995e-004
  4.2003280e+000  2.0570000e-003 -2.9748189e-004
  4.2063730e+000  1.3990000e-003 -4.2736518e-004
  4.2124170e+000  1.6790000e-003 -4.0243612e-004
  4.2184620e+000  1.2410000e-003 -1.1701800e-004
  4.2245070e+000  1.5160000e-003 -5.4414125e-004
  4.2305520e+000  1.1470000e-003 -4.0900133e-004
  4.2365960e+000  1.0250000e-003 -4.4127756e-004
  4.2426410e+000  9.9400000e-004 -5.3660185e-004
  4.2486860e+000  7.2800000e-004 -1.4838445e-004
  4.2547310e+000  9.4700000e-004 -3.2509351e-004
  4.2607760e+000  1.1820000e-003 -4.7635195e-005
  4.2668200e+000  7.3100000e-004  4.7164693e-004
  4.2728650e+000  8.9000000e-004  4.0031022e-004
  4.2789100e+000  5.8500000e-004 -1.1588036e-004
  4.2849550e+000  7.1100000e-004 -1.6156229e-004
  4.2909990e+000  1.2130000e-003 -4.1731091e-004
  4.2970440e+000  1.4970000e-003 -5.8734001e-004
  4.3030890e+000  1.2190000e-003 -4.1224814e-004
  4.3091340e+000  1.1310000e-003 -8.8168702e-005
  4.3151790e+000  1.0740000e-003  7.0723503e-004
  4.3212230e+000  1.3440000e-003  8.7059473e-005
  4.3272680e+000  1.2240000e-003  4.5080416e-004
  4.3333130e+000  1.1140000e-003  6.4265346e-004
  4.3393580e+000  8.1900000e-004  5.4756749e-004
  4.3454020e+000  1.1020000e-003  7.5252793e-004
  4.3514470e+000  1.0580000e-003  2.4306765e-004
  4.3574920e+000  1.0770000e-003  3.2426641e-004
  4.3635370e+000  6.5100000e-004  1.7481006e-004
  4.3695820e+000  8.4600000e-004  1.1484994e-004
  4.3756260e+000  5.8600000e-004  7.0513010e-004
  4.3816710e+000  5.7500000e-004  4.7201503e-004
  4.3877160e+000  1.0280000e-003  3.7538233e-006
  4.3937610e+000  1.3200000e-003 -7.0819159e-004
  4.3998050e+000  9.2400000e-004 -6.4133411e-004
  4.4058500e+000  8.0300000e-004 -1.0525999e-003
  4.4118950e+000  1.0720000e-003 -1.0417859e-003
  4.4179400e+000  1.0060000e-003 -1.1204763e-003
  4.4239840e+000  8.9700000e-004 -7.7661656e-004
  4.4300290e+000  9.1000000e-004 -5.2948056e-004
  4.4360740e+000  1.1610000e-003 -5.8185487e-004
  4.4421190e+000  1.0370000e-003 -2.5215203e-004
  4.4481640e+000  1.9900000e-004 -1.8991828e-004
  4.4542080e+000 -1.6000000e-005  2.0832625e-005
  4.4602530e+000 -1.2000000e-004 -3.2425531e-004
  4.4662980e+000 -3.5200000e-004 -3.1668224e-004
  4.4723430e+000 -1.6600000e-004 -6.8736512e-005
  4.4783870e+000 -6.0000000e-005 -1.2962766e-004
  4.4844320e+000 -1.9200000e-004 -9.2008496e-005
  4.4904770e+000 -4.2400000e-004  2.0256457e-004
  4.4965220e+000 -2.4000000e-005  4.9774894e-004
  4.5025670e+000 -1.0000000e-004  1.0619539e-003
  4.5086110e+000 -3.4500000e-004  1.0523910e-003
  4.5146560e+000  3.4800000e-004 -1.1035960e-004
  4.5207010e+000  4.2800000e-004  1.4847727e-004
  4.5267460e+000  6.8600000e-004 -7.6823811e-005
  4.5327900e+000  1.2700000e-004  2.5328537e-005
  4.5388350e+000 -3.3800000e-004  1.3546421e-004
  4.5448800e+000  1.0200000e-004 -2.2493299e-004
  4.5509250e+000 -2.1100000e-004 -1.4320725e-004
  4.5569700e+000 -7.1400000e-004  3.0353090e-004
  4.5630140e+000 -8.2200000e-004  3.2640113e-004
  4.5690590e+000 -5.1400000e-004  8.1062309e-004
  4.5751040e+000 -5.2000000e-005  4.0145603e-004
  4.5811490e+000  4.9400000e-004 -2.4283231e-004
  4.5871930e+000  5.0000000e-006  1.8905230e-004
  4.5932380e+000 -6.0000000e-006  4.2793723e-004
  4.5992830e+000  4.8500000e-004 -1.3926455e-005
  4.6053280e+000  3.3300000e-004 -2.5551651e-004
  4.6113730e+000  9.5000000e-004 -7.1706213e-004
  4.6174170e+000  8.3100000e-004 -3.4830698e-004
  4.6234620e+000 -9.7000000e-005  5.7985291e-005
  4.6295070e+000 -2.8800000e-004  2.5598726e-004
  4.6355520e+000  1.2300000e-004  7.3286693e-005
  4.6415960e+000 -6.1900000e-004  1.7952469e-004
  4.6476410e+000 -4.3100000e-004  3.3491345e-005
  4.6536860e+000 -6.1600000e-004  3.0555607e-004
  4.6597310e+000 -6.7600000e-004 -2.8307158e-004
  4.6657760e+000 -5.4200000e-004 -1.8866982e-004
  4.6718200e+000 -5.3000000e-004 -1.7154429e-004
  4.6778650e+000 -6.4600000e-004  1.3524225e-004
  4.6839100e+000 -8.4300000e-004  4.6118145e-004
  4.6899550e+000 -1.4290000e-003  2.4105135e-004
  4.6959990e+000 -8.5500000e-004 -2.9794408e-004
  4.7020440e+000 -4.9000000e-004 -5.5212585e-004
  4.7080890e+000 -2.8000000e-004 -5.3992906e-004
  4.7141340e+000  1.3000000e-005 -8.4386401e-004
  4.7201790e+000  2.8000000e-005 -5.2270709e-004
  4.7262230e+000 -3.3100000e-004 -7.1346256e-004
  4.7322680e+000 -4.2700000e-004 -6.5546681e-004
  4.7383130e+000 -8.3000000e-004 -3.8068256e-004
  4.7443580e+000 -7.8400000e-004 -9.1201359e-005
  4.7504020e+000 -8.7600000e-004 -5.1163764e-005
  4.7564470e+000 -5.8600000e-004 -3.3013010e-004
  4.7624920e+000 -3.5400000e-004 -6.6770316e-004
  4.7685370e+000 -6.6600000e-004 -1.5196697e-004
  4.7745820e+000 -4.4400000e-004 -2.3664465e-004
  4.7806260e+000  1.1700000e-004 -5.3677607e-004
  4.7866710e+000 -7.0700000e-004  1.6604131e-005
  4.7927160e+000 -1.4520000e-003  1.0981075e-004
  4.7987610e+000 -1.2750000e-003 -1.3533767e-004
  4.8048050e+000 -1.5450000e-003  2.7837882e-005
  4.8108500e+000 -1.3470000e-003 -3.3609086e-004
  4.8168950e+000 -8.4500000e-004 -1.0283948e-004
  4.8229400e+000 -6.3800000e-004  1.6832593e-004
  4.8289850e+000 -6.0400000e-004 -3.5231839e-004
  4.8350290e+000 -5.2200000e-004 -3.1346060e-004
  4.8410740e+000 -1.0040000e-003 -2.4350276e-004
  4.8471190e+000 -1.1100000e-003 -9.0611619e-005
  4.8531640e+000 -1.0970000e-003  2.0852437e-004
  4.8592080e+000 -7.3300000e-004  1.6332147e-005
  4.8652530e+000 -5.9900000e-004 -1.7526609e-004
  4.8712980e+000 -9.3400000e-004 -2.9877050e-004
  4.8773430e+000 -8.3400000e-004 -2.5272441e-004
  4.8833880e+000 -5.1200000e-004 -6.3235599e-004
  4.8894320e+000 -3.2500000e-004 -6.9139980e-004
  4.8954770e+000 -3.1700000e-004 -5.7231611e-004
  4.9015220e+000 -5.4300000e-004 -5.4368028e-004
  4.9075670e+000 -1.9600000e-004 -6.3705034e-004
  4.9136110e+000 -1.7500000e-004 -1.0528307e-003
  4.9196560e+000 -8.1000000e-005 -1.0268473e-003
  4.9257010e+000 -6.4600000e-004 -4.5375775e-004
  4.9317460e+000 -9.2700000e-004  8.3027294e-006
  4.9377910e+000 -7.0900000e-004 -5.9416791e-005
  4.9438350e+000 -1.1180000e-003 -2.0369531e-004
  4.9498800e+000 -8.4200000e-004 -2.9980809e-004
  4.9559250e+000 -9.7900000e-004 -4.3241238e-005
  4.9619700e+000 -1.0420000e-003  1.1909972e-004
  4.9680140e+000 -5.4900000e-004 -1.5074304e-004
  4.9740590e+000 -9.0500000e-004  1.9153287e-004
  4.9801040e+000 -7.3500000e-004  2.9731123e-004
  4.9861490e+000 -1.2280000e-003  4.3015399e-004
  4.9921940e+000 -1.1090000e-003  1.3939884e-004
  4.9982380e+000 -1.0810000e-003 -1.8730825e-004
  5.0042830e+000 -1.0970000e-003 -5.7347563e-004
  5.0103280e+000 -1.2860000e-003 -3.3452740e-005
  5.0163730e+000 -1.2810000e-003  4.1599565e-005
  5.0224170e+000 -1.0440000e-003  2.4807880e-004
  5.0284620e+000 -6.4100000e-004 -2.6270545e-004
  5.0345070e+000 -1.0300000e-003  1.6225255e-005
  5.0405520e+000 -1.1590000e-003 -9.5124203e-005
  5.0465970e+000 -7.6700000e-004 -3.9402352e-004
  5.0526410e+000 -1.0000000e-003 -4.5346092e-004
  5.0586860e+000 -1.5310000e-003 -1.7001566e-004
  5.0647310e+000 -1.7210000e-003 -4.0800324e-004
  5.0707760e+000 -1.3780000e-003 -2.6041514e-004
  5.0768200e+000 -9.6400000e-004 -1.1908432e-004
  5.0828650e+000 -6.7600000e-004  9.9928420e-005
  5.0889100e+000 -1.0960000e-003  2.2953483e-004
  5.0949550e+000 -1.4360000e-003  5.6997812e-004
  5.1009990e+000 -1.7100000e-003  5.2311183e-004
  5.1070440e+000 -1.3380000e-003  5.0600329e-004
  5.1130890e+000 -4.3800000e-004  1.2418118e-005
  5.1191340e+000 -9.6000000e-005 -1.8400425e-004
  5.1251790e+000 -2.8400000e-004 -3.4970901e-005
  5.1312230e+000 -6.2000000e-004  2.7551423e-004
  5.1372680e+000 -1.0750000e-003  3.6275451e-004
  5.1433130e+000 -4.9500000e-004  1.6682185e-004
  5.1493580e+000 -7.4500000e-004  1.3820662e-004
  5.1554020e+000 -8.1800000e-004 -6.4557031e-005
  5.1614470e+000 -6.2200000e-004 -2.4350669e-004
  5.1674920e+000 -8.5000000e-005 -5.2088918e-004
  5.1735370e+000 -4.2200000e-004 -8.0641451e-004
  5.1795820e+000 -6.8100000e-004  5.4876115e-005
  5.1856260e+000 -9.4500000e-004  1.6411443e-004
  5.1916710e+000 -5.7000000e-004 -1.0096272e-004
  5.1977160e+000 -8.5800000e-004 -2.4197547e-004
  5.2037610e+000 -9.8600000e-004 -5.1131446e-004
  5.2098050e+000 -1.0890000e-003 -5.8539194e-004
  5.2158500e+000 -6.9300000e-004 -7.1524942e-004
  5.2218950e+000 -3.9900000e-004 -8.2417391e-004
  5.2279400e+000  5.0000000e-006 -9.5894770e-004
  5.2339850e+000  5.4000000e-005 -7.9443511e-004
  5.2400290e+000 -2.9800000e-004 -2.5911735e-004
  5.2460740e+000 -4.4600000e-004 -3.4166557e-004
  5.2521190e+000 -9.7100000e-004 -3.3615755e-004
  5.2581640e+000 -1.4610000e-003 -1.7028340e-004
  5.2642080e+000 -1.6160000e-003 -6.4904843e-005
  5.2702530e+000 -1.2280000e-003 -1.0884601e-004
  5.2762980e+000 -9.6100000e-004 -5.6052942e-005
  5.2823430e+000 -4.0800000e-004 -4.5026805e-004
  5.2883880e+000 -5.9500000e-004 -4.6522425e-004
  5.2944320e+000 -6.7000000e-004 -7.4800881e-004
  5.3004770e+000 -8.0500000e-004 -5.0442104e-004
  5.3065220e+000 -1.2610000e-003 -2.1419122e-004
  5.3125670e+000 -1.2290000e-003 -3.0685647e-004
  5.3186110e+000 -8.5700000e-004 -2.0896501e-004
  5.3246560e+000 -6.6300000e-004  6.9064412e-005
  5.3307010e+000 -6.0900000e-004  1.0662930e-004
  5.3367460e+000 -1.1400000e-004 -2.4919254e-004
  5.3427910e+000 -4.5200000e-004 -6.7572833e-004
  5.3488350e+000 -5.1000000e-004 -7.0233507e-004
  5.3548800e+000 -5.3000000e-004 -6.3554429e-004
  5.3609250e+000 -3.7600000e-004 -3.3693331e-004
  5.3669700e+000 -2.3600000e-004  3.5253122e-004
  5.3730140e+000 -9.9000000e-005  1.0964369e-005
  5.3790590e+000 -6.0400000e-004 -5.1318394e-005
  5.3851040e+000 -4.5000000e-004 -1.7670741e-004
  5.3911490e+000 -8.1500000e-004 -3.1525648e-005
  5.3971940e+000 -6.7600000e-004 -5.8071580e-005
  5.4032380e+000 -2.6800000e-004 -4.5880353e-004
  5.4092830e+000 -1.4400000e-004 -2.9650637e-004
  5.4153280e+000 -3.6600000e-004 -1.2882870e-004
  5.4213730e+000 -7.6400000e-004  1.0078590e-006
  5.4274170e+000 -6.0300000e-004 -2.1130793e-004
  5.4334620e+000 -3.7700000e-004  8.1056234e-005
  5.4395070e+000 -2.9600000e-004 -7.5096432e-005
  5.4455520e+000 -5.6100000e-004 -3.3286857e-004
  5.4515970e+000 -6.0000000e-004 -5.9127655e-004
  5.4576410e+000 -8.7100000e-004 -2.2911146e-004
  5.4636860e+000 -3.9600000e-004 -4.4114252e-004
  5.4697310e+000 -4.9100000e-004 -4.4513631e-004
  5.4757760e+000 -2.8900000e-004 -5.1802321e-004
  5.4818200e+000 -3.2700000e-004 -5.3142072e-004
  5.4878650e+000 -3.0300000e-004 -4.0216966e-004
  5.4939100e+000 -4.4600000e-004  1.3033443e-004
  5.4999550e+000 -6.9000000e-004  3.6378197e-004
  5.5060000e+000 -9.5200000e-004  2.0404121e-004
  5.5120440e+000 -1.1850000e-003 -1.2039619e-004
  5.5180890e+000 -1.4830000e-003  2.2348646e-004
  5.5241340e+000 -1.2250000e-003  3.1318538e-004
  5.5301790e+000 -4.1900000e-004 -2.1383124e-005
  5.5362230e+000  2.0500000e-004  1.9114449e-004
  5.5422680e+000  4.7000000e-005  2.1491663e-005
  5.5483130e+000  7.0000000e-006  2.3007323e-004
  5.5543580e+000 -4.3600000e-004  3.1943904e-004
  5.5604030e+000 -7.2100000e-004  6.9145768e-004
  5.5664470e+000 -6.5000000e-004  5.1420040e-004
  5.5724920e+000 -7.2300000e-004  5.6243676e-004
  5.5785370e+000 -5.7400000e-004  5.5699543e-004
  5.5845820e+000 -6.2400000e-004  9.7147239e-004
  5.5906260e+000 -6.7600000e-004  3.6492842e-004
  5.5966710e+000 -3.9500000e-004  1.2186794e-004
  5.6027160e+000 -4.4800000e-004  2.2131351e-004
  5.6087610e+000 -7.1600000e-004  4.7350998e-004
  5.6148060e+000 -7.6900000e-004  5.9295555e-004
  5.6208500e+000 -2.4000000e-004  3.1248938e-004
  5.6268950e+000 -1.1400000e-004 -7.7192545e-005
  5.6329400e+000  4.6000000e-005 -1.6651880e-004
  5.6389850e+000 -4.2600000e-004  6.2854365e-004
  5.6450290e+000  7.8000000e-005  2.9681595e-004
  5.6510740e+000 -2.2600000e-004  1.7563583e-004
  5.6571190e+000 -5.1900000e-004  3.3557078e-004
  5.6631640e+000 -3.6900000e-004 -1.8686008e-004
  5.6692090e+000  6.1000000e-005 -1.4336188e-004
  5.6752530e+000 -2.9600000e-004  2.0990357e-004
  5.6812980e+000 -4.7900000e-004  2.0198922e-004
  5.6873430e+000 -2.5100000e-004 -1.7962569e-004
  5.6933880e+000  2.1400000e-004 -4.6476136e-004
  5.6994320e+000  2.6800000e-004 -5.5819647e-004
  5.7054770e+000  1.3200000e-004 -1.5661916e-004
  5.7115220e+000  1.0100000e-004 -2.9194345e-004
  5.7175670e+000 -7.8000000e-005 -2.4581595e-004
  5.7236120e+000 -7.1000000e-005 -1.1674273e-004
  5.7296560e+000 -3.2000000e-005 -7.0833475e-004
  5.7357010e+000 -2.2300000e-004 -1.1363328e-003
  5.7417460e+000 -4.3000000e-004 -1.0764982e-003
  5.7477910e+000 -2.8000000e-004 -8.1092906e-004
  5.7538350e+000  2.0300000e-004 -4.2887643e-004
  5.7598800e+000  5.6200000e-004 -7.8212096e-004
  5.7659250e+000  2.0000000e-004 -5.8090782e-004
  5.7719700e+000 -4.6900000e-004  1.2509383e-004
  5.7780150e+000 -2.1200000e-004  3.2378229e-004
  5.7840590e+000  1.6900000e-004  2.4276790e-004
  5.7901040e+000  4.4800000e-004  7.1686491e-005
  5.7961490e+000  6.3700000e-004  2.1466360e-004
  5.8021940e+000  6.2400000e-004 -1.0147239e-004
  5.8082380e+000  6.4500000e-004 -1.4125271e-004
  5.8142830e+000  7.6400000e-004  4.6992141e-005
  5.8203280e+000  7.4100000e-004  7.5751540e-005
  5.8263730e+000  5.0500000e-004  1.6282763e-005
  5.8324170e+000  5.2500000e-004  4.9198173e-007
  5.8384620e+000  4.6600000e-004  1.0087479e-004
  5.8445070e+000  2.9200000e-004 -7.8945412e-005
  5.8505520e+000  3.8500000e-004  1.2102745e-004
  5.8565970e+000 -8.4000000e-005  7.9712128e-004
  5.8626410e+000 -3.9400000e-004  8.5587840e-004
  5.8686860e+000 -3.0400000e-004  4.5981988e-004
  5.8747310e+000  5.8000000e-005  3.1606733e-005
  5.8807760e+000  5.1500000e-004 -3.5261263e-004
  5.8868200e+000  7.5300000e-004 -5.0212293e-004
  5.8928650e+000  2.5800000e-004 -1.7830108e-004
  5.8989100e+000  8.9000000e-005 -1.2006898e-004
  5.9049550e+000 -5.0000000e-005 -1.8852305e-004
  5.9110000e+000  5.8800000e-004 -8.0084898e-004
  5.9170440e+000  1.4230000e-003 -1.0281141e-003
  5.9230890e+000  1.2350000e-003 -7.4208077e-004
  5.9291340e+000  9.7200000e-004 -7.2283199e-004
  5.9351790e+000  6.5600000e-004 -3.0713764e-004
  5.9412230e+000  8.4400000e-004 -2.9717099e-004
  5.9472680e+000  3.7400000e-004  1.5491238e-004
  5.9533130e+000  3.1000000e-005  9.9232429e-004
  5.9593580e+000  7.8000000e-005  1.1098160e-003
  5.9654030e+000 -4.8200000e-004  1.3599578e-003
  5.9714470e+000 -6.3400000e-004  1.2183678e-003
  5.9774920e+000 -6.7800000e-004  7.6690750e-004
  5.9835370e+000 -8.3700000e-004  5.5424421e-004
  5.9895820e+000 -5.6400000e-004  3.9410004e-004
  5.9956260e+000  2.4900000e-004 -1.6039523e-004
  6.0016710e+000  3.1500000e-004 -3.7570481e-004
  6.0077160e+000 -2.1700000e-004 -1.9027002e-004
  6.0137610e+000 -6.7200000e-004 -6.2029737e-005
  6.0198060e+000 -1.6200000e-004  5.8305331e-005
  6.0258500e+000  3.8300000e-004  1.0600653e-004
  6.0318950e+000 -2.6300000e-004  2.6224878e-004
  6.0379400e+000 -1.9000000e-004 -2.7498757e-004
  6.0439850e+000 -4.0800000e-004 -4.0826805e-004
  6.0500290e+000 -2.3700000e-004  2.5207625e-006
  6.0560740e+000 -4.7000000e-005  3.4350834e-004
  6.0621190e+000  9.5800000e-004 -3.4197844e-004
  6.0681640e+000  9.7400000e-004 -5.3081107e-004
  6.0742090e+000  5.4800000e-004  8.0732583e-005
  6.0802530e+000  1.4300000e-004  3.7349591e-004
  6.0862980e+000  2.4000000e-005  5.6251062e-005
  6.0923430e+000  3.6100000e-004 -6.0222361e-004
  6.0983880e+000  2.3000000e-004 -1.1159399e-004
  6.1044320e+000 -9.1000000e-005  9.3048056e-005
  6.1104770e+000 -1.4200000e-004  9.5514550e-005
  6.1165220e+000  2.7300000e-004 -9.1144169e-005
  6.1225670e+000  8.5600000e-004 -3.6045455e-005
  6.1286120e+000  8.5900000e-004  1.1498593e-004
  6.1346560e+000  9.1000000e-005  6.8595194e-004
  6.1407010e+000 -1.7800000e-004  6.7413796e-004
  6.1467460e+000 -2.0000000e-005  8.5279078e-004
  6.1527910e+000 -2.0600000e-004  7.6084505e-004
  6.1588350e+000  4.3000000e-005  4.2744982e-004
  6.1648800e+000  2.7300000e-004 -1.5714417e-004
  6.1709250e+000  1.6900000e-004  1.3876790e-004
  6.1769700e+000 -1.0000000e-006  4.3698954e-004
  6.1830150e+000 -8.0000000e-005  5.3716313e-004
  6.1890590e+000 -7.9000000e-005  8.4117359e-004
  6.1951040e+000  4.5900000e-004  4.7880156e-004
  6.2011490e+000  8.7200000e-004  4.5212192e-004
  6.2071940e+000  8.9500000e-004 -1.4563748e-004
  6.2132380e+000  7.3000000e-004 -7.3836353e-004
  6.2192830e+000  5.4200000e-004 -7.6533018e-004
  6.2253280e+000  3.5400000e-004 -5.3829684e-004
  6.2313730e+000  3.0600000e-004 -2.4679896e-004
  6.2374180e+000  1.2300000e-004  1.1528669e-004
  6.2434620e+000  5.9400000e-004  3.4121379e-004
  6.2495070e+000  8.0200000e-004  6.6389656e-005
  6.2555520e+000  4.0100000e-004  9.9194828e-005
  6.2615970e+000 -2.6500000e-004  3.1722786e-004
  6.2676410e+000 -7.4000000e-005  3.3322589e-004
  6.2736860e+000  2.9700000e-004 -2.0189311e-004
  6.2797310e+000  4.2700000e-004 -1.5253319e-004
  6.2857760e+000  6.7300000e-004  1.7904020e-004
  6.2918210e+000  5.6100000e-004  4.0886857e-004
  6.2978650e+000  3.0100000e-004  4.7214874e-004
  6.3039100e+000  4.8200000e-004  3.6204216e-004
  6.3099550e+000  4.6500000e-004  1.4086433e-004
  6.3160000e+000  8.0800000e-004 -1.1754758e-004
  6.3220440e+000  6.1600000e-004  1.7644393e-004
  6.3280890e+000  3.4900000e-004  4.4065086e-004
  6.3341340e+000  4.9400000e-004  4.7116769e-004
  6.3401790e+000  5.4200000e-004  4.6166982e-004
  6.3462240e+000  3.8500000e-004  5.3602745e-004
  6.3522680e+000  4.7600000e-004 -7.9020603e-005
  6.3583130e+000  5.0000000e-005 -6.2476954e-005
  6.3643580e+000  1.4900000e-004 -5.0744132e-004
  6.3704030e+000  4.2200000e-004 -6.9958549e-004
  6.3764470e+000  9.6000000e-005 -2.5499575e-004
  6.3824920e+000  1.6500000e-004  2.4672605e-004
  6.3885370e+000 -2.0000000e-005  3.5279078e-004
  6.3945820e+000  1.2400000e-004  1.4229715e-004
  6.4006270e+000  8.1000000e-005  8.2847334e-005
  6.4066710e+000 -2.8000000e-005  2.9170709e-004
  6.4127160e+000 -2.0300000e-004  5.5987643e-004
  6.4187610e+000 -3.4700000e-004  6.4537006e-004
  6.4248060e+000 -4.4000000e-005  3.0753972e-004
  6.4308500e+000  2.6800000e-004 -5.4196474e-005
  6.4368950e+000  4.7700000e-004 -2.2901014e-004
  6.4429400e+000  3.0100000e-004 -5.1885126e-004
  6.4489850e+000  1.9700000e-004 -4.3193920e-004
  6.4550300e+000 -2.4000000e-004 -9.6510620e-005
  6.4610740e+000 -3.3700000e-004  1.8474671e-005
  6.4671190e+000 -5.9800000e-004  4.9374437e-004
  6.4731640e+000  2.2500000e-004  2.9035371e-004
  6.4792090e+000  2.2200000e-004 -8.3677676e-005
  6.4852530e+000  4.4700000e-004 -8.1532397e-004
  6.4912980e+000  2.4400000e-004 -4.9144754e-004
  6.4973430e+000  3.7900000e-004  1.1696469e-004
  6.5033880e+000  3.8400000e-004  2.4901699e-004
  6.5094320e+000  2.8300000e-004 -1.1203956e-004
  6.5154770e+000 -7.0000000e-005 -3.5732264e-005
  6.5215220e+000  2.5900000e-004 -5.6729062e-004
  6.5275670e+000  3.0300000e-004 -8.8583034e-004
  6.5336120e+000  2.0500000e-004 -6.9585551e-004
  6.5396560e+000  6.8300000e-004 -1.3285519e-004
  6.5457010e+000  9.0100000e-004  2.5342529e-004
  6.5517460e+000  3.4600000e-004  8.7661948e-004
  6.5577910e+000  1.7500000e-004  1.2208307e-003
  6.5638350e+000 -1.2100000e-004  1.1117342e-003
  6.5698800e+000  4.7800000e-004  2.0800032e-004
  6.5759250e+000  7.0800000e-004 -1.3859367e-004
  6.5819700e+000  5.0600000e-004  1.1629322e-004
  6.5880150e+000 -1.0200000e-004  6.3893299e-004
  6.5940590e+000 -3.0800000e-004  5.7377804e-004
  6.6001040e+000  2.4900000e-004  4.4760477e-004
  6.6061490e+000 -1.5900000e-004  3.2633671e-004
  6.6121940e+000  3.7800000e-004  4.2954227e-005
  6.6182380e+000  4.3700000e-004 -1.1642858e-004
  6.6242830e+000  6.3200000e-004 -3.0388700e-005
  6.6303280e+000  8.0200000e-004 -6.5661034e-004
  6.6363730e+000  3.8200000e-004 -3.0600393e-004
  6.6424180e+000  2.7200000e-004 -6.6015463e-004
  6.6484620e+000  7.4000000e-005  2.6774108e-005
  6.6545070e+000  4.4000000e-004  6.8602804e-005
  6.6605520e+000  5.8600000e-004  2.3130098e-005
  6.6665970e+000  7.7000000e-004  7.5054907e-005
  6.6726410e+000  1.2300000e-004  2.0128669e-004
  6.6786860e+000  6.1100000e-004  3.3916206e-006
  6.6847310e+000  8.1700000e-004  1.8954657e-004
  6.6907760e+000  8.9000000e-005  4.4193102e-004
  6.6968210e+000 -4.4600000e-004  2.0733443e-004
  6.7028650e+000 -3.8700000e-004 -1.9104838e-004
  6.7089100e+000 -2.0600000e-004  2.4845051e-005
  6.7149550e+000 -8.6900000e-004  4.9990946e-004
  6.7210000e+000 -2.1300000e-004  3.4077182e-004
  6.7270440e+000 -2.4300000e-004  1.1545800e-004
  6.7330890e+000  5.6000000e-005 -1.1741419e-004
  6.7391340e+000  2.1900000e-004 -1.4670906e-004
  6.7451790e+000 -1.7000000e-004 -1.7177836e-004
  6.7512240e+000 -5.8900000e-004  3.2783852e-004
  6.7572680e+000  2.9500000e-004 -3.9914029e-005
  6.7633130e+000  5.0600000e-004 -5.2770678e-004
  6.7693580e+000  2.2700000e-004 -4.4162537e-004
  6.7754030e+000  4.4400000e-004 -4.4035535e-004
  6.7814470e+000  6.2400000e-004 -3.7447239e-004
  6.7874920e+000 -6.3000000e-005  1.3334096e-004
  6.7935370e+000  1.5200000e-004 -4.2040994e-004
  6.7995820e+000 -1.2900000e-004 -5.8134946e-004
  6.8056270e+000 -1.7600000e-004 -8.3284112e-004
  6.8116710e+000 -2.8200000e-004 -5.0394998e-004
  6.8177160e+000 -4.6800000e-004  4.0104291e-005
  6.8237610e+000 -3.7400000e-004 -5.7912383e-005
  6.8298060e+000  5.4500000e-004 -6.4929880e-004
  6.8358500e+000  6.5600000e-004 -9.9213764e-004
  6.8418950e+000 -5.0000000e-006 -2.7305230e-004
  6.8479400e+000 -6.6300000e-004  2.5064412e-005
  6.8539850e+000 -2.6500000e-004 -1.6977214e-004
  6.8600300e+000  1.4000000e-004 -4.0353547e-004
  6.8660740e+000  1.6300000e-004 -5.1729487e-004
  6.8721190e+000 -1.2000000e-005 -3.6112553e-004
  6.8781640e+000 -4.0700000e-004  2.2574241e-004
  6.8842090e+000 -1.3400000e-004  3.9959824e-004
  6.8902530e+000  1.0900000e-004  2.7914024e-004
  6.8962980e+000 -4.3500000e-004  3.5944950e-004
  6.9023430e+000 -9.1900000e-004  5.9138642e-004
  6.9083880e+000 -9.8200000e-004  5.5272738e-004
  6.9144330e+000 -5.0200000e-004  1.3674862e-004
  6.9204770e+000 -5.0000000e-005  2.3147695e-004
  6.9265220e+000 -3.8100000e-004  2.7901439e-004
  6.9325670e+000 -7.1300000e-004  4.6054137e-004
  6.9386120e+000 -4.0200000e-004 -1.9320529e-004
  6.9446560e+000 -5.5400000e-004  3.4320465e-004
  6.9507010e+000 -4.4600000e-004  3.9833443e-004
  6.9567460e+000 -7.5000000e-005  3.8721543e-004
  6.9627910e+000  8.5600000e-004 -1.6004545e-004
  6.9688360e+000  4.1800000e-004 -1.5862734e-004
  6.9748800e+000  2.2700000e-004  4.9374628e-005
  6.9809250e+000  9.8000000e-005  1.1302517e-004
  6.9869700e+000  1.8000000e-005 -3.0811703e-005
  6.9930150e+000 -3.2000000e-004 -1.2334749e-004
  6.9990590e+000 -6.5900000e-004  3.9310626e-004
  7.0051040e+000 -7.5600000e-004  4.5109155e-004
  7.0111490e+000 -4.5500000e-004  2.4424028e-004
  7.0171940e+000 -5.9500000e-004  1.8877575e-004
  7.0232390e+000  1.0400000e-004  9.9087935e-005
  7.0292830e+000 -7.8000000e-005  3.2184048e-005
  7.0353280e+000 -2.6600000e-004 -1.2078260e-004
  7.0413730e+000 -3.1700000e-004 -6.2031611e-004
  7.0474180e+000 -6.1300000e-004 -4.2741254e-004
  7.0534620e+000 -1.0570000e-003 -1.3405719e-004
  7.0595070e+000 -6.8900000e-004 -1.1820757e-004
  7.0655520e+000  2.1700000e-004 -7.4672998e-004
  7.0715970e+000  1.4200000e-004 -6.9051455e-004
  7.0776420e+000  9.3000000e-005 -4.7902713e-004
  7.0836860e+000 -3.4800000e-004 -3.1364040e-004
  7.0897310e+000 -8.1000000e-005 -1.0888473e-003
  7.0957760e+000  3.4900000e-004 -6.5734914e-004
  7.1018210e+000  4.3600000e-004 -7.7443904e-004
  7.1078650e+000  4.1500000e-004 -5.7165872e-004
  7.1139100e+000  1.4200000e-004 -5.3251455e-004
  7.1199550e+000 -1.9400000e-004 -7.9202942e-004
  7.1260000e+000 -5.4500000e-004 -1.2070120e-004
  7.1320450e+000 -4.8800000e-004  1.1989507e-004
  7.1380890e+000 -6.5700000e-004  4.7127177e-005
  7.1441340e+000 -9.9900000e-004  3.7549543e-005
  7.1501790e+000 -8.9200000e-004 -8.2331138e-005
  7.1562240e+000 -2.5600000e-004  1.8532201e-004
  7.1622680e+000  3.5600000e-004  3.4872409e-004
  7.1683130e+000  1.8900000e-004  2.8797711e-004
  7.1743580e+000 -1.1800000e-004  7.7376561e-004
  7.1804030e+000 -3.6200000e-004  7.6621315e-004
  7.1864480e+000 -3.5000000e-005  2.3863387e-004
  7.1924920e+000  1.0900000e-004 -4.5685976e-004
  7.1985370e+000  1.3400000e-004 -1.8459824e-004
  7.2045820e+000 -6.3700000e-004  7.5336395e-005
  7.2106270e+000 -4.5700000e-004  5.4219361e-005
  7.2166710e+000 -1.3900000e-004 -7.3454068e-005
  7.2227160e+000 -4.7300000e-004  5.9051986e-005
  7.2287610e+000 -6.0700000e-004  1.5065022e-004
  7.2348060e+000 -2.7200000e-004 -3.1784537e-004
  7.2408500e+000 -4.8000000e-004 -5.5302124e-004
  7.2468950e+000  3.5600000e-004 -9.4027591e-004
  7.2529400e+000  3.0300000e-004 -7.6583034e-004
  7.2589850e+000  3.0000000e-005 -1.9768617e-004
  7.2650300e+000 -2.9200000e-004 -1.2905459e-004
  7.2710740e+000  1.1200000e-004 -6.7082838e-004
  7.2771190e+000  5.9000000e-005 -5.7238281e-004
  7.2831640e+000 -1.1900000e-004 -2.5424485e-004
  7.2892090e+000 -2.6600000e-004 -2.8678260e-004
  7.2952530e+000 -7.6200000e-004  3.5402878e-004
  7.3012980e+000 -4.6700000e-004 -4.9885249e-005
  7.3073430e+000 -2.1800000e-004 -1.0528048e-004
  7.3133880e+000  1.3700000e-004 -3.0556685e-004
  7.3194330e+000  6.0000000e-006 -1.3993723e-004
  7.3254770e+000  2.7300000e-004 -4.7214417e-004
  7.3315220e+000  2.1600000e-004  5.1259558e-005
  7.3375670e+000  2.8800000e-004  7.5012744e-005
  7.3436120e+000  3.2400000e-004 -4.0761066e-004
  7.3496560e+000 -5.3900000e-004 -4.4063843e-004
  7.3557010e+000 -1.1640000e-003 -6.7176508e-005
  7.3617460e+000 -8.5400000e-004 -1.0793362e-004
  7.3677910e+000  1.0700000e-004  3.1311932e-004
  7.3738360e+000  3.6800000e-004  1.9384962e-004
  7.3798800e+000  2.2300000e-004 -1.2466722e-004
  7.3859250e+000  8.0000000e-005 -2.3116313e-004
  7.3919700e+000  1.2300000e-004 -1.1971331e-004
  7.3980150e+000 -1.4100000e-004  9.7525011e-005
  7.4040590e+000 -3.9100000e-004 -2.6509022e-004
  7.4101040e+000 -8.4800000e-004  2.5012914e-004
  7.4161490e+000 -6.6500000e-004 -8.4956510e-005
  7.4221940e+000 -1.1840000e-003  7.1561427e-004
  7.4282390e+000 -5.6200000e-004  7.9212096e-004
  7.4342830e+000 -3.7400000e-004  3.3808762e-004
  7.4403280e+000 -4.6000000e-004  7.7187978e-005
  7.4463730e+000 -8.6300000e-004  4.7972228e-005
  7.4524180e+000 -2.1000000e-004 -1.9679269e-007
  7.4584620e+000 -1.0370000e-003  6.8152028e-005
  7.4645070e+000 -4.0400000e-004 -4.9922621e-004
  7.4705520e+000  5.7900000e-004 -1.0729431e-003
  7.4765970e+000  7.3000000e-004 -7.2836353e-004
  7.4826420e+000  7.7900000e-004 -8.0785095e-004
  7.4886860e+000 -3.5700000e-004 -6.0734548e-005
  7.4947310e+000 -9.3700000e-004  7.0819812e-004
  7.5007760e+000 -8.9000000e-004  1.2316898e-003
  7.5068210e+000 -1.3000000e-004  9.8064008e-004
  7.5128650e+000  1.2500000e-004  5.5630761e-004
  7.5189100e+000  3.6800000e-004  3.7849618e-005
  7.5249550e+000 -3.1500000e-004  4.6470481e-004
  7.5310000e+000 -4.2600000e-004  4.7854365e-004
  7.5370450e+000 -1.0000000e-004 -4.0460918e-006
  7.5430890e+000 -4.4800000e-004  7.0313509e-005
  7.5491340e+000 -3.6300000e-004 -3.7079731e-004
  7.5551790e+000  2.3700000e-004 -9.5952076e-004
  7.5612240e+000  1.4700000e-004 -9.3746225e-004
  7.5672680e+000 -6.1600000e-004 -3.4944393e-004
  7.5733130e+000 -1.1480000e-003  5.5099087e-004
  7.5793580e+000 -1.5350000e-003  1.0829425e-003
  7.5854030e+000 -1.8080000e-003  9.2608666e-004
  7.5914480e+000 -5.8900000e-004 -3.7516148e-004
  7.5974920e+000 -4.4800000e-004 -1.5668649e-004
  7.6035370e+000  7.1000000e-005  3.0974273e-004
  7.6095820e+000  2.8600000e-004 -1.0200818e-004
  7.6156270e+000  1.4000000e-005 -5.1285355e-004
  7.6216710e+000 -1.8600000e-004  2.9505427e-004
  7.6277160e+000  7.3700000e-004 -4.7029030e-004
  7.6337610e+000  1.3700000e-003 -6.0066854e-004
  7.6398060e+000  2.2300000e-004 -2.6966722e-004
  7.6458510e+000 -5.9000000e-004  8.1482806e-004
  7.6518950e+000 -3.7900000e-004  9.4603531e-004
  7.6579400e+000  9.1000000e-005 -2.4048056e-005
  7.6639850e+000  1.5300000e-004 -5.4239948e-004
  7.6700300e+000 -3.0000000e-005 -1.7031383e-004
  7.6760740e+000 -6.2700000e-004  4.9544100e-004
  7.6821190e+000  6.4500000e-004 -4.9525271e-004
  7.6881640e+000  7.7400000e-004 -9.9090325e-004
  7.6942090e+000  1.6900000e-004  1.7976790e-004
  7.7002540e+000  8.6300000e-004  2.1702777e-004
  7.7062980e+000  1.2980000e-003 -1.1842173e-004
  7.7123430e+000  1.3010000e-003  3.5260965e-004
  7.7183880e+000  5.6000000e-004 -1.3814189e-004
  7.7244330e+000 -5.1000000e-005 -3.0533507e-005
  7.7304770e+000  3.0800000e-004 -1.1017780e-003
  7.7365220e+000  0.0000000e+000  0.0000000e+000
  7.7425670e+000  0.0000000e+000  0.0000000e+000
  7.7486120e+000  0.0000000e+000  0.0000000e+000
  7.7546570e+000  0.0000000e+000  0.0000000e+000
  7.7607010e+000  0.0000000e+000  0.0000000e+000
  7.7667460e+000  0.0000000e+000  0.0000000e+000
  7.7727910e+000  0.0000000e+000  0.0000000e+000
  7.7788360e+000  0.0000000e+000  0.0000000e+000
  7.7848800e+000  0.0000000e+000  0.0000000e+000
  7.7909250e+000  0.0000000e+000  0.0000000e+000
  7.7969700e+000  0.0000000e+000  0.0000000e+000
  7.8030150e+000  0.0000000e+000  0.0000000e+000
  7.8090600e+000  0.0000000e+000  0.0000000e+000
  7.8151040e+000  0.0000000e+000  0.0000000e+000
  7.8211490e+000  0.0000000e+000  0.0000000e+000
  7.8271940e+000  0.0000000e+000  0.0000000e+000
  7.8332390e+000  0.0000000e+000  0.0000000e+000
  7.8392830e+000  0.0000000e+000  0.0000000e+000
  7.8453280e+000  0.0000000e+000  0.0000000e+000
  7.8513730e+000  0.0000000e+000  0.0000000e+000
  7.8574180e+000  0.0000000e+000  0.0000000e+000
  7.8634630e+000  0.0000000e+000  0.0000000e+000
  7.8695070e+000  0.0000000e+000  0.0000000e+000
  7.8755520e+000  0.0000000e+000  0.0000000e+000
  7.8815970e+000  0.0000000e+000  0.0000000e+000
  7.8876420e+000  0.0000000e+000  0.0000000e+000
  7.8936860e+000  0.0000000e+000  0.0000000e+000
  7.8997310e+000  0.0000000e+000  0.0000000e+000
  7.9057760e+000  0.0000000e+000  0.0000000e+000
  7.9118210e+000  0.0000000e+000  0.0000000e+000
  7.9178650e+000  0.0000000e+000  0.0000000e+000
  7.9239100e+000  0.0000000e+000  0.0000000e+000
  7.9299550e+000  0.0000000e+000  0.0000000e+000
  7.9360000e+000  0.0000000e+000  0.0000000e+000
  7.9420450e+000  0.0000000e+000  0.0000000e+000
  7.9480890e+000  0.0000000e+000  0.0000000e+000
  7.9541340e+000  0.0000000e+000  0.0000000e+000
  7.9601790e+000  0.0000000e+000  0.0000000e+000
  7.9662240e+000  0.0000000e+000  0.0000000e+000
  7.9722680e+000  0.0000000e+000  0.0000000e+000
  7.9783130e+000  0.0000000e+000  0.0000000e+000
  7.9843580e+000  0.0000000e+000  0.0000000e+000
  7.9904030e+000  0.0000000e+000  0.0000000e+000
  7.9964480e+000  0.0000000e+000  0.0000000e+000
  8.0024920e+000  0.0000000e+000  0.0000000e+000
  8.0085370e+000  0.0000000e+000  0.0000000e+000
  8.0145820e+000  0.0000000e+000  0.0000000e+000
  8.0206270e+000  0.0000000e+000  0.0000000e+000
  8.0266710e+000  0.0000000e+000  0.0000000e+000
  8.0327160e+000  0.0000000e+000  0.0000000e+000
  8.0387610e+000  0.0000000e+000  0.0000000e+000
  8.0448060e+000  0.0000000e+000  0.0000000e+000
  8.0508510e+000  0.0000000e+000  0.0000000e+000
  8.0568950e+000  0.0000000e+000  0.0000000e+000
  8.0629400e+000  0.0000000e+000  0.0000000e+000
  8.0689850e+000  0.0000000e+000  0.0000000e+000
  8.0750300e+000  0.0000000e+000  0.0000000e+000
  8.0810740e+000  0.0000000e+000  0.0000000e+000
  8.0871190e+000  0.0000000e+000  0.0000000e+000
  8.0931640e+000  0.0000000e+000  0.0000000e+000
  8.0992090e+000  0.0000000e+000  0.0000000e+000
  8.1052540e+000  0.0000000e+000  0.0000000e+000
  8.1112980e+000  0.0000000e+000  0.0000000e+000
  8.1173430e+000  0.0000000e+000  0.0000000e+000
  8.1233880e+000  0.0000000e+000  0.0000000e+000
  8.1294330e+000  0.0000000e+000  0.0000000e+000
  8.1354770e+000  0.0000000e+000  0.0000000e+000
  8.1415220e+000  0.0000000e+000  0.0000000e+000
  8.1475670e+000  0.0000000e+000  0.0000000e+000
  8.1536120e+000  0.0000000e+000  0.0000000e+000
  8.1596570e+000  0.0000000e+000  0.0000000e+000
  8.1657010e+000  0.0000000e+000  0.0000000e+000
  8.1717460e+000  0.0000000e+000  0.0000000e+000
  8.1777910e+000  0.0000000e+000  0.0000000e+000
  8.1838360e+000  0.0000000e+000  0.0000000e+000
  8.1898800e+000  0.0000000e+000  0.0000000e+000
  8.1959250e+000  0.0000000e+000  0.0000000e+000
  8.2019700e+000  0.0000000e+000  0.0000000e+000
  8.2080150e+000  0.0000000e+000  0.0000000e+000
  8.2140600e+000  0.0000000e+000  0.0000000e+000
  8.2201040e+000  0.0000000e+000  0.0000000e+000
  8.2261490e+000  0.0000000e+000  0.0000000e+000
  8.2321940e+000  0.0000000e+000  0.0000000e+000
  8.2382390e+000  0.0000000e+000  0.0000000e+000
  8.2442830e+000  0.0000000e+000  0.0000000e+000
  8.2503280e+000  0.0000000e+000  0.0000000e+000
  8.2563730e+000  0.0000000e+000  0.0000000e+000
  8.2624180e+000  0.0000000e+000  0.0000000e+000
  8.2684630e+000  0.0000000e+000  0.0000000e+000
  8.2745070e+000  0.0000000e+000  0.0000000e+000
  8.2805520e+000  0.0000000e+000  0.0000000e+000
  8.2865970e+000  0.0000000e+000  0.0000000e+000
  8.2926420e+000  0.0000000e+000  0.0000000e+000
  8.2986860e+000  0.0000000e+000  0.0000000e+000
  8.3047310e+000  0.0000000e+000  0.0000000e+000
  8.3107760e+000  0.0000000e+000  0.0000000e+000
  8.3168210e+000  0.0000000e+000  0.0000000e+000
  8.3228660e+000  0.0000000e+000  0.0000000e+000
  8.3289100e+000  0.0000000e+000  0.0000000e+000
  8.3349550e+000  0.0000000e+000  0.0000000e+000
  8.3410000e+000  0.0000000e+000  0.0000000e+000
  8.3470450e+000  0.0000000e+000  0.0000000e+000
  8.3530890e+000  0.0000000e+000  0.0000000e+000
  8.3591340e+000  0.0000000e+000  0.0000000e+000
  8.3651790e+000  0.0000000e+000  0.0000000e+000
  8.3712240e+000  0.0000000e+000  0.0000000e+000
  8.3772690e+000  0.0000000e+000  0.0000000e+000
  8.3833130e+000  0.0000000e+000  0.0000000e+000
  8.3893580e+000  0.0000000e+000  0.0000000e+000
  8.3954030e+000  0.0000000e+000  0.0000000e+000
  8.4014480e+000  0.0000000e+000  0.0000000e+000
  8.4074920e+000  0.0000000e+000  0.0000000e+000
  8.4135370e+000  0.0000000e+000  0.0000000e+000
  8.4195820e+000  0.0000000e+000  0.0000000e+000
  8.4256270e+000  0.0000000e+000  0.0000000e+000
  8.4316720e+000  0.0000000e+000  0.0000000e+000
  8.4377160e+000  0.0000000e+000  0.0000000e+000
  8.4437610e+000  0.0000000e+000  0.0000000e+000
  8.4498060e+000  0.0000000e+000  0.0000000e+000
  8.4558510e+000  0.0000000e+000  0.0000000e+000
  8.4618950e+000  0.0000000e+000  0.0000000e+000
  8.4679400e+000  0.0000000e+000  0.0000000e+000
  8.4739850e+000  0.0000000e+000  0.0000000e+000
  8.4800300e+000  0.0000000e+000  0.0000000e+000
  8.4860750e+000  0.0000000e+000  0.0000000e+000
  8.4921190e+000  0.0000000e+000  0.0000000e+000
  8.4981640e+000  0.0000000e+000  0.0000000e+000
